8 14 2 9 10 11 12 3 16 24 21 23 7 1
9 2 8 11 12 13 17 3 21 22 23 24 26 7 1
9 2 8 11 12 13 17 3 21 22 23 24 26 7 1
11 2 33 8 10 12 16 18 25 3 34 7 1
11 2 33 8 10 12 16 18 25 3 34 7 1
24 37 2 40 9 15 18 21 26 3 31 4 12 7 1
24 37 2 40 9 15 18 21 26 3 31 4 12 7 1
8 14 2 9 10 11 12 3 16 24 21 23 7 1
24 14 3 0 28 29 7 1
8 28 2 12 13 15 19 20 23 3 24 4 31 6 25 29 22 7 1
8 28 2 12 13 15 19 20 23 3 24 4 31 6 25 29 22 7 1
9 2 12 3 38 4 32 34 13 39 7 1
9 2 12 3 38 4 32 34 13 39 7 1
24 14 3 0 28 29 7 1
8 2 16 9 13 17 3 25 6 23 7 1
8 2 16 9 13 17 3 25 6 23 7 1
18 3 19 6 25 21 22 15 7 1
18 3 19 6 25 21 22 15 7 1
13 2 17 10 15 3 9 31 4 20 6 29 36 21 7 1
13 2 17 10 15 3 9 31 4 20 6 29 36 21 7 1
8 2 11 13 3 12 6 25 18 21 22 7 1
8 2 11 13 3 12 6 25 18 21 22 7 1
17 2 8 18 14 23 3 26 6 16 12 21 31 7 1
17 2 8 18 14 23 3 26 6 16 12 21 31 7 1
17 2 34 13 21 25 29 3 40 42 43 38 7 1
17 2 34 13 21 25 29 3 40 42 43 38 7 1
11 2 9 10 12 13 3 21 7 1
25 2 10 12 14 18 26 3 32 31 7 1
25 2 10 12 14 18 26 3 32 31 7 1
9 2 12 14 3 10 4 18 20 15 7 1
9 2 12 14 3 10 4 18 20 15 7 1
15 2 37 8 13 18 24 3 37 5 37 7 1
15 2 37 8 13 18 24 3 37 5 37 7 1
8 2 19 12 13 3 15 4 21 14 23 7 1
11 2 9 10 12 13 3 21 7 1
9 2 8 18 23 3 25 27 29 7 1
9 2 8 18 23 3 25 27 29 7 1
17 2 8 12 15 20 26 3 23 4 40 6 44 37 7 1
17 2 8 12 15 20 26 3 23 4 40 6 44 37 7 1
21 3 20 6 0 22 7 1
21 3 20 6 0 22 7 1
8 2 19 12 13 3 15 4 21 14 23 7 1
8 2 18 11 3 12 6 14 15 16 21 23 7 1
8 2 18 11 3 12 6 14 15 16 21 23 7 1
10 2 9 11 12 20 25 3 26 6 27 7 1
10 2 9 11 12 20 25 3 26 6 27 7 1
9 15 2 8 24 11 21 3 14 4 17 27 7 1
9 15 2 8 24 11 21 3 14 4 17 27 7 1
29 2 34 8 10 11 17 25 30 3 33 7 1
20 3 8 4 13 6 0 18 19 7 1
10 2 8 11 12 15 20 3 21 6 22 7 1
10 2 8 11 12 15 20 3 21 6 22 7 1
8 12 2 9 10 13 14 20 23 24 3 22 31 7 1
8 12 2 9 10 13 14 20 23 24 3 22 31 7 1
16 6 0 27 20 31 7 1
16 6 0 27 20 31 7 1
29 2 34 8 10 11 17 25 30 3 33 7 1
20 3 8 4 13 6 0 18 19 7 1
10 2 14 3 21 4 16 6 25 26 20 22 7 1
10 2 14 3 21 4 16 6 25 26 20 22 7 1
12 15 2 11 13 14 16 19 22 3 26 6 1
12 15 2 11 13 14 16 19 22 3 26 6 1
10 12 2 11 13 16 19 23 26 27 30 3 41 7 1
20 2 8 10 12 13 19 3 23 6 24 25 7 1
20 2 8 10 12 13 19 3 23 6 24 25 7 1
8 2 20 3 17 4 20 5 24 26 28 23 7 1
8 2 20 3 17 4 20 5 24 26 28 23 7 1
26 11 2 9 13 14 19 24 3 15 6 34 31 7 1
10 12 2 11 13 16 19 23 26 27 30 3 41 7 1
10 2 17 18 11 14 3 21 12 20 7 1
8 2 9 12 3 11 6 17 15 7 1
8 2 9 12 3 11 6 17 15 7 1
28 14 2 10 18 30 15 3 8 11 19 20 22 31 7 1
28 14 2 10 18 30 15 3 8 11 19 20 22 31 7 1
8 2 12 14 3 16 6 32 17 19 7 1
8 2 12 14 3 16 6 32 17 19 7 1
26 11 2 9 13 14 19 24 3 15 6 34 31 7 1
9 2 8 10 11 13 3 12 4 18 19 7 1
9 2 8 10 11 13 3 12 4 18 19 7 1
8 2 11 3 16 14 6 24 25 20 22 7 1
10 2 17 18 11 14 3 21 12 20 7 1
29 2 8 9 11 18 21 26 3 20 5 25 23 7 1
29 2 8 9 11 18 21 26 3 20 5 25 23 7 1
11 14 2 8 10 13 21 25 3 32 6 35 7 1
11 14 2 8 10 13 21 25 3 32 6 35 7 1
14 2 9 10 12 15 19 3 16 6 24 25 23 7 1
14 2 9 10 12 15 19 3 16 6 24 25 23 7 1
8 2 11 3 16 14 6 24 25 20 22 7 1
19 6 0 21 22 23 7 1
19 6 0 21 22 23 7 1
8 2 11 15 22 27 29 31 3 31 5 32 7 1
18 20 3 8 6 9 10 13 15 24 7 1
18 20 3 8 6 9 10 13 15 24 7 1
8 24 15 2 16 13 22 3 22 5 18 6 26 19 7 1
8 2 12 22 3 32 27 7 1
8 2 12 22 3 32 27 7 1
8 2 11 15 22 27 29 31 3 31 5 32 7 1
8 3 18 6 0 19 20 7 1
8 3 18 6 0 19 20 7 1
11 2 10 13 3 18 6 34 22 7 1
11 2 10 13 3 18 6 34 22 7 1
8 14 2 17 12 15 3 10 6 18 21 23 7 1
8 14 2 17 12 15 3 10 6 18 21 23 7 1
8 24 15 2 16 13 22 3 22 5 18 6 26 19 7 1
16 2 9 18 20 3 25 6 36 37 26 27 28 7 1
16 2 9 18 20 3 25 6 36 37 26 27 28 7 1
11 2 9 10 12 17 3 8 4 13 6 20 23 7 1
11 2 9 10 12 17 3 8 4 13 6 20 23 7 1
18 2 10 14 15 19 20 3 25 27 7 1
18 2 10 14 15 19 20 3 25 27 7 1
13 22 2 9 10 14 17 18 28 29 3 24 34 20 7 1
13 22 2 9 10 14 17 18 28 29 3 24 34 20 7 1
13 14 3 8 4 34 41 42 12 21 22 7 1
13 14 3 8 4 34 41 42 12 21 22 7 1
26 14 2 8 10 13 16 20 3 8 5 1
26 14 2 8 10 13 16 20 3 8 5 1
12 2 8 10 11 13 14 15 3 19 6 9 7 1
12 2 8 10 11 13 14 15 3 19 6 9 7 1
8 17 2 32 10 11 14 21 29 3 16 6 24 25 7 1
8 17 2 32 10 11 14 21 29 3 16 6 24 25 7 1
21 2 9 11 15 18 23 3 32 34 35 29 30 7 1
21 2 9 11 15 18 23 3 32 34 35 29 30 7 1
9 2 8 10 12 13 19 3 32 33 35 25 31 7 1
9 2 8 10 12 13 19 3 32 33 35 25 31 7 1
18 12 21 2 8 14 17 20 25 3 33 6 19 7 1
9 2 8 41 10 12 44 14 46 18 20 25 3 27 5 1
9 2 8 41 10 12 44 14 46 18 20 25 3 27 5 1
13 2 8 10 14 15 3 20 4 25 31 7 1
13 2 8 10 14 15 3 20 4 25 31 7 1
14 2 12 21 3 16 25 6 23 7 1
14 2 12 21 3 16 25 6 23 7 1
16 23 2 8 9 17 24 3 29 6 22 15 7 1
17 13 2 8 25 15 3 20 6 24 26 7 1
17 13 2 8 25 15 3 20 6 24 26 7 1
18 12 21 2 8 14 17 20 25 3 33 6 19 7 1
8 2 19 11 21 15 3 25 26 23 7 1
8 2 19 11 21 15 3 25 26 23 7 1
24 2 1
24 2 1
16 23 2 8 9 17 24 3 29 6 22 15 7 1
9 14 2 8 11 13 15 3 22 6 24 25 27 7 1
9 14 2 8 11 13 15 3 22 6 24 25 27 7 1
10 2 32 8 9 11 14 16 18 20 3 27 6 29 7 1
24 2 27 10 18 21 3 13 4 28 22 31 7 1
24 2 27 10 18 21 3 13 4 28 22 31 7 1
19 2 10 3 18 4 24 23 6 33 34 7 1
19 2 10 3 18 4 24 23 6 33 34 7 1
32 2 10 11 13 15 17 18 3 22 6 25 33 37 23 7 1
32 2 10 11 13 15 17 18 3 22 6 25 33 37 23 7 1
10 2 32 8 9 11 14 16 18 20 3 27 6 29 7 1
8 2 11 20 13 3 18 6 24 27 29 22 7 1
14 2 8 9 18 22 23 27 3 8 5 10 6 1
14 2 8 9 18 22 23 27 3 8 5 10 6 1
24 11 2 10 20 13 3 16 15 4 28 30 7 1
24 11 2 10 20 13 3 16 15 4 28 30 7 1
17 2 18 3 39 6 40 7 1
17 2 18 3 39 6 40 7 1
8 2 11 3 18 19 14 15 7 1
8 2 11 3 18 19 14 15 7 1
8 2 9 3 9 5 24 17 18 11 7 1
8 2 9 3 9 5 24 17 18 11 7 1
9 2 8 11 13 16 19 3 25 18 21 22 7 1
9 2 8 11 13 16 19 3 25 18 21 22 7 1
10 2 8 12 3 14 4 19 6 26 21 7 1
10 2 8 12 3 14 4 19 6 26 21 7 1
8 2 11 20 13 3 18 6 24 27 29 22 7 1
10 12 2 8 9 19 14 3 23 6 24 25 7 1
23 2 8 10 11 14 24 3 22 6 25 26 31 7 1
23 2 8 10 11 14 24 3 22 6 25 26 31 7 1
8 12 2 10 11 13 14 21 3 27 31 4 20 6 32 7 1
8 12 2 10 11 13 14 21 3 27 31 4 20 6 32 7 1
8 2 9 10 13 15 20 3 19 6 25 21 22 7 1
8 2 9 10 13 15 20 3 19 6 25 21 22 7 1
12 21 2 8 9 10 14 18 3 20 7 1
12 21 2 8 9 10 14 18 3 20 7 1
10 12 2 8 9 19 14 3 23 6 24 25 7 1
8 2 10 11 14 16 26 3 18 6 24 19 20 7 1
11 2 8 17 13 3 9 6 18 19 14 30 7 1
11 2 8 17 13 3 9 6 18 19 14 30 7 1
12 2 8 3 16 32 6 33 29 31 7 1
12 2 8 3 16 32 6 33 29 31 7 1
8 2 9 10 12 3 21 22 23 24 25 7 1
8 2 9 10 12 3 21 22 23 24 25 7 1
8 2 10 11 14 16 26 3 18 6 24 19 20 7 1
12 3 10 6 32 15 18 24 25 26 7 1
9 12 2 8 10 14 20 23 3 15 5 22 6 25 7 1
9 12 2 8 10 14 20 23 3 15 5 22 6 25 7 1
19 2 11 14 17 20 28 3 17 28 5 16 7 1
19 2 11 14 17 20 28 3 17 28 5 16 7 1
15 3 21 22 24 26 27 28 7 1
15 3 21 22 24 26 27 28 7 1
12 3 10 6 32 15 18 24 25 26 7 1
13 2 8 17 11 12 3 10 4 16 19 22 7 1
13 2 8 17 11 12 3 10 4 16 19 22 7 1
33 2 34 9 13 18 20 3 32 6 36 21 31 7 1
33 2 34 9 13 18 20 3 32 6 36 21 31 7 1
10 15 2 8 9 11 18 21 3 24 6 25 26 29 7 1
10 15 2 8 9 11 18 21 3 24 6 25 26 29 7 1
10 2 8 18 20 4 13 6 17 21 7 1
10 2 8 18 20 4 13 6 17 21 7 1
16 17 2 8 11 13 18 20 3 20 5 25 27 7 1
16 17 2 8 11 13 18 20 3 20 5 25 27 7 1
17 2 8 9 10 11 13 19 20 25 3 29 7 1
17 2 8 9 10 11 13 19 20 25 3 29 7 1
8 2 10 21 14 3 27 6 35 28 30 7 1
9 19 2 8 10 12 16 17 3 25 27 20 21 7 1
9 19 2 8 10 12 16 17 3 25 27 20 21 7 1
18 12 2 9 13 14 16 22 24 29 3 28 4 36 39 7 1
18 12 2 9 13 14 16 22 24 29 3 28 4 36 39 7 1
10 3 10 5 8 6 16 22 15 7 1
10 3 10 5 8 6 16 22 15 7 1
8 2 10 21 14 3 27 6 35 28 30 7 1
17 10 13 15 3 10 5 0 21 14 30 7 1
17 10 13 15 3 10 5 0 21 14 30 7 1
13 2 8 9 10 12 16 23 3 27 6 34 29 30 7 1
13 2 8 9 10 12 16 23 3 27 6 34 29 30 7 1
21 2 8 9 10 11 12 15 22 3 18 26 4 1
21 2 8 9 10 11 12 15 22 3 18 26 4 1
17 2 18 12 15 3 18 5 20 6 29 7 1
9 2 8 17 11 24 3 22 6 33 26 27 29 30 7 1
9 2 8 17 11 24 3 22 6 33 26 27 29 30 7 1
11 15 2 8 10 18 12 3 16 17 20 7 1
11 15 2 8 10 18 12 3 16 17 20 7 1
12 2 11 14 3 8 4 14 5 25 6 16 18 32 7 1
12 2 11 14 3 8 4 14 5 25 6 16 18 32 7 1
17 2 18 12 15 3 18 5 20 6 29 7 1
15 2 17 10 13 14 3 11 5 24 6 18 20 23 7 1
15 2 17 10 13 14 3 11 5 24 6 18 20 23 7 1
10 2 16 14 3 8 6 33 19 28 31 7 1
10 2 16 14 3 8 6 33 19 28 31 7 1
16 2 9 10 14 15 26 28 3 35 6 1
16 2 9 10 14 15 26 28 3 35 6 1
8 2 11 3 37 15 4 26 29 30 31 7 1
16 11 2 8 10 12 19 24 3 21 7 1
16 11 2 8 10 12 19 24 3 21 7 1
12 2 24 18 15 3 8 4 19 23 7 1
12 2 24 18 15 3 8 4 19 23 7 1
11 2 8 13 14 15 20 3 22 23 6 26 27 28 31 7 1
11 2 8 13 14 15 20 3 22 23 6 26 27 28 31 7 1
8 2 11 3 37 15 4 26 29 30 31 7 1
19 2 9 11 14 15 20 23 30 3 38 7 1
12 21 2 16 25 18 3 29 6 32 36 31 7 1
12 21 2 16 25 18 3 29 6 32 36 31 7 1
11 13 2 32 9 12 14 19 20 3 26 4 35 6 47 7 1
11 13 2 32 9 12 14 19 20 3 26 4 35 6 47 7 1
10 2 8 9 11 14 20 30 3 37 22 26 29 31 7 1
10 2 8 9 11 14 20 30 3 37 22 26 29 31 7 1
12 2 22 3 33 4 34 21 7 1
12 2 22 3 33 4 34 21 7 1
22 2 32 8 10 18 19 21 3 20 6 24 7 1
22 2 32 8 10 18 19 21 3 20 6 24 7 1
19 2 9 11 14 15 20 23 30 3 38 7 1
28 2 10 11 12 14 19 29 3 27 5 21 6 33 31 23 7 1
28 2 10 11 12 14 19 29 3 27 5 21 6 33 31 23 7 1
8 2 12 3 15 4 28 6 25 26 30 7 1
8 2 12 3 15 4 28 6 25 26 30 7 1
13 3 24 6 8 11 14 17 28 30 7 1
13 3 24 6 8 11 14 17 28 30 7 1
8 13 2 10 19 3 19 5 14 6 25 28 22 31 7 1
8 13 2 10 19 3 19 5 14 6 25 28 22 31 7 1
8 2 9 12 20 3 21 5 17 27 25 15 7 1
8 2 9 12 20 3 21 5 17 27 25 15 7 1
10 2 9 14 3 14 5 12 6 16 20 21 7 1
9 2 8 25 12 13 3 8 5 24 25 7 1
9 2 8 25 12 13 3 8 5 24 25 7 1
8 2 13 3 18 14 4 16 6 24 29 7 1
8 2 13 3 18 14 4 16 6 24 29 7 1
10 2 8 16 11 13 3 17 19 23 4 27 29 31 7 1
10 2 8 16 11 13 3 17 19 23 4 27 29 31 7 1
24 9 2 8 11 12 13 15 22 3 16 5 25 6 26 28 7 1
13 2 11 3 8 4 11 5 18 12 15 7 1
13 2 11 3 8 4 11 5 18 12 15 7 1
12 2 8 3 16 18 21 14 7 1
12 2 8 3 16 18 21 14 7 1
10 2 9 14 3 14 5 12 6 16 20 21 7 1
12 2 9 10 11 15 17 19 21 26 3 20 6 31 7 1
12 2 9 10 11 15 17 19 21 26 3 20 6 31 7 1
24 9 2 8 11 12 13 15 22 3 16 5 25 6 26 28 7 1
15 2 8 11 14 16 17 20 3 24 22 6 27 28 7 1
15 2 8 11 14 16 17 20 3 24 22 6 27 28 7 1
11 2 16 3 27 6 33 38 39 7 1
33 11 2 9 12 15 16 22 3 43 29 38 31 7 1
33 11 2 9 12 15 16 22 3 43 29 38 31 7 1
9 2 10 3 10 5 16 19 7 1
9 2 10 3 10 5 16 19 7 1
8 2 11 21 3 32 6 32 29 30 7 1
8 2 11 21 3 32 6 32 29 30 7 1
14 2 18 11 23 15 3 25 6 27 28 7 1
14 2 18 11 23 15 3 25 6 27 28 7 1
11 2 16 3 27 6 33 38 39 7 1
10 19 2 9 12 16 18 20 23 3 29 21 7 1
10 19 2 9 12 16 18 20 23 3 29 21 7 1
9 2 13 3 19 21 4 16 29 14 7 1
17 2 8 3 20 5 10 12 16 21 22 7 1
17 2 8 3 20 5 10 12 16 21 22 7 1
8 2 16 11 12 15 3 17 6 26 18 19 22 7 1
8 2 16 11 12 15 3 17 6 26 18 19 22 7 1
8 3 24 0 6 13 14 7 1
8 3 24 0 6 13 14 7 1
16 2 24 17 3 8 21 4 25 26 27 13 7 1
16 2 24 17 3 8 21 4 25 26 27 13 7 1
9 2 10 3 8 12 4 19 7 1
9 2 10 3 8 12 4 19 7 1
9 2 13 3 19 21 4 16 29 14 7 1
16 2 17 10 12 3 23 6 27 7 1
28 2 8 9 12 3 13 6 27 30 7 1
28 2 8 9 12 3 13 6 27 30 7 1
16 2 17 10 12 3 23 6 27 7 1
12 2 11 13 14 15 22 3 16 17 26 7 1
12 2 11 13 14 15 22 3 16 17 26 7 1
8 2 16 11 21 3 13 6 15 17 27 29 30 7 1
8 2 16 11 21 3 13 6 15 17 27 29 30 7 1
13 2 18 4 35 36 7 1
13 2 18 4 35 36 7 1
31 2 8 9 12 14 22 29 3 16 4 21 23 7 1
31 2 8 9 12 14 22 29 3 16 4 21 23 7 1
10 18 2 17 34 19 12 3 27 28 30 7 1
10 18 2 17 34 19 12 3 27 28 30 7 1
9 2 8 10 12 16 21 3 14 5 24 34 29 22 7 1
8 18 2 36 10 13 14 17 30 3 33 34 7 1
8 18 2 36 10 13 14 17 30 3 33 34 7 1
20 2 8 9 10 13 3 9 5 26 11 12 22 7 1
20 2 8 9 10 13 3 9 5 26 11 12 22 7 1
8 16 10 2 9 14 17 19 24 3 32 21 30 7 1
8 16 10 2 9 14 17 19 24 3 32 21 30 7 1
12 21 2 9 10 13 17 18 19 24 3 26 7 1
12 21 2 9 10 13 17 18 19 24 3 26 7 1
9 2 8 10 12 16 21 3 14 5 24 34 29 22 7 1
9 2 24 3 23 5 25 7 1
9 2 24 3 23 5 25 7 1
16 2 11 12 14 17 24 3 24 15 5 26 7 1
16 2 11 12 14 17 24 3 24 15 5 26 7 1
8 39 2 10 13 15 17 22 27 3 20 6 41 7 1
8 39 2 10 13 15 17 22 27 3 20 6 41 7 1
10 19 15 2 8 11 3 24 6 23 25 26 28 29 7 1
10 19 15 2 8 11 3 24 6 23 25 26 28 29 7 1
8 16 13 3 19 6 24 0 14 15 7 1
8 16 13 3 19 6 24 0 14 15 7 1
14 22 2 16 12 3 11 20 4 13 23 6 1
14 22 2 16 12 3 11 20 4 13 23 6 1
9 2 8 10 12 14 3 17 6 19 20 22 27 30 7 1
9 2 8 10 12 14 3 17 6 19 20 22 27 30 7 1
26 2 8 10 11 25 27 31 3 32 18 13 30 7 1
19 2 16 18 12 3 8 14 22 7 1
19 2 16 18 12 3 8 14 22 7 1
10 2 8 9 12 20 26 3 32 4 28 30 31 7 1
10 2 8 9 12 20 26 3 32 4 28 30 31 7 1
26 2 8 10 11 25 27 31 3 32 18 13 30 7 1
12 2 11 23 15 3 10 5 28 13 6 1
12 2 11 23 15 3 10 5 28 13 6 1
10 2 8 3 9 13 14 4 20 6 35 28 29 7 1
10 18 2 8 9 11 13 14 19 24 3 20 6 21 7 1
8 2 25 11 13 3 22 6 24 26 27 28 7 1
8 2 25 11 13 3 22 6 24 26 27 28 7 1
11 2 9 3 8 10 15 17 19 21 27 7 1
11 2 9 3 8 10 15 17 19 21 27 7 1
20 28 2 32 10 11 12 15 22 26 3 19 7 1
20 28 2 32 10 11 12 15 22 26 3 19 7 1
10 2 8 3 9 13 14 4 20 6 35 28 29 7 1
12 2 16 10 11 3 8 6 18 20 22 7 1
12 2 16 10 11 3 8 6 18 20 22 7 1
15 2 8 16 10 12 3 14 6 18 26 28 23 7 1
15 2 8 16 10 12 3 14 6 18 26 28 23 7 1
10 18 2 8 9 11 13 14 19 24 3 20 6 21 7 1
10 14 2 8 17 12 15 3 24 6 26 28 36 7 1
10 14 2 8 17 12 15 3 24 6 26 28 36 7 1
10 2 8 9 11 12 14 23 3 23 5 21 7 1
10 2 8 9 11 12 14 23 3 23 5 21 7 1
11 2 9 28 21 14 3 17 6 34 19 20 31 7 1
11 2 9 28 21 14 3 17 6 34 19 20 31 7 1
8 31 2 10 11 21 15 3 16 4 23 6 32 7 1
9 11 2 10 29 15 3 33 6 32 36 37 38 7 1
9 11 2 10 29 15 3 33 6 32 36 37 38 7 1
18 14 2 11 15 17 19 23 3 27 28 29 30 7 1
9 2 34 8 11 27 29 31 3 17 33 14 15 7 1
9 2 34 8 11 27 29 31 3 17 33 14 15 7 1
8 31 2 10 11 21 15 3 16 4 23 6 32 7 1
10 11 2 16 9 19 22 3 18 6 42 37 38 31 7 1
10 11 2 16 9 19 22 3 18 6 42 37 38 31 7 1
12 20 2 8 11 13 14 15 17 3 24 6 27 25 19 21 7 1
12 20 2 8 11 13 14 15 17 3 24 6 27 25 19 21 7 1
18 14 2 11 15 17 19 23 3 27 28 29 30 7 1
19 12 2 8 13 14 15 18 3 23 6 25 28 30 7 1
19 12 2 8 13 14 15 18 3 23 6 25 28 30 7 1
26 2 8 9 10 17 19 3 11 14 20 21 30 7 1
8 2 12 3 24 19 28 31 7 1
8 2 12 3 24 19 28 31 7 1
21 2 9 19 20 3 18 6 24 25 28 23 7 1
21 2 9 19 20 3 18 6 24 25 28 23 7 1
26 2 8 9 10 17 19 3 11 14 20 21 30 7 1
24 13 47 2 39 10 12 15 19 28 29 31 3 42 4 25 45 7 1
24 13 47 2 39 10 12 15 19 28 29 31 3 42 4 25 45 7 1
15 2 9 11 16 18 22 3 24 25 7 1
15 2 9 11 16 18 22 3 24 25 7 1
21 2 8 9 12 18 20 3 24 26 23 7 1
9 11 2 8 10 12 14 16 18 19 26 3 46 43 44 38 7 1
9 11 2 8 10 12 14 16 18 19 26 3 46 43 44 38 7 1
10 2 8 9 11 16 3 22 6 23 7 1
10 2 8 9 11 16 3 22 6 23 7 1
21 2 8 9 12 18 20 3 24 26 23 7 1
10 2 11 6 18 12 20 23 7 1
10 2 11 6 18 12 20 23 7 1
8 6 18 20 21 23 26 7 1
8 6 18 20 21 23 26 7 1
8 2 16 10 26 31 3 12 30 7 1
8 2 20 3 9 4 18 21 7 1
8 2 20 3 9 4 18 21 7 1
8 17 10 19 3 0 13 14 18 20 7 1
8 17 10 19 3 0 13 14 18 20 7 1
12 2 8 10 11 14 21 3 20 22 7 1
12 2 8 10 11 14 21 3 20 22 7 1
8 2 16 10 26 31 3 12 30 7 1
8 2 9 3 35 44 38 7 1
16 2 8 9 10 12 14 17 26 3 27 20 21 15 7 1
16 2 8 9 10 12 14 17 26 3 27 20 21 15 7 1
8 2 17 3 25 26 21 23 7 1
8 2 19 11 13 15 3 33 35 36 24 28 7 1
8 2 19 11 13 15 3 33 35 36 24 28 7 1
8 2 9 3 35 44 38 7 1
26 2 8 10 11 21 3 12 4 16 6 22 7 1
26 2 8 10 11 21 3 12 4 16 6 22 7 1
8 2 10 3 16 4 23 5 17 28 29 30 7 1
8 2 10 3 16 4 23 5 17 28 29 30 7 1
8 2 10 13 15 3 11 5 16 18 20 22 7 1
8 2 10 13 15 3 11 5 16 18 20 22 7 1
8 2 17 3 25 26 21 23 7 1
24 2 8 9 11 13 16 19 3 25 7 1
24 2 8 9 11 13 16 19 3 25 7 1
25 10 2 8 11 15 17 21 26 3 33 5 28 6 27 31 7 1
25 10 2 8 11 15 17 21 26 3 33 5 28 6 27 31 7 1
15 2 37 8 11 14 20 3 37 5 38 34 30 7 1
15 2 37 8 11 14 20 3 37 5 38 34 30 7 1
27 2 32 8 10 17 19 20 25 28 3 41 6 44 39 7 1
27 2 32 8 10 17 19 20 25 28 3 41 6 44 39 7 1
9 13 2 8 10 12 14 24 3 16 5 26 27 29 7 1
9 13 2 8 10 12 14 24 3 16 5 26 27 29 7 1
10 2 32 25 21 13 3 12 30 6 16 26 27 15 7 1
10 2 32 25 21 13 3 12 30 6 16 26 27 15 7 1
9 27 2 8 10 14 17 22 28 3 26 42 39 31 7 1
9 27 2 8 10 14 17 22 28 3 26 42 39 31 7 1
17 2 8 9 11 13 16 20 25 27 3 18 4 32 28 29 7 1
17 2 8 9 11 13 16 20 25 27 3 18 4 32 28 29 7 1
8 2 9 21 25 3 21 5 32 26 30 31 7 1
8 2 9 21 25 3 21 5 32 26 30 31 7 1
11 2 35 8 9 12 15 19 25 3 41 26 37 38 7 1
11 2 35 8 9 12 15 19 25 3 41 26 37 38 7 1
10 2 24 9 12 20 3 24 25 21 5 1
10 2 24 9 12 20 3 24 25 21 5 1
10 2 8 3 17 18 7 1
10 2 8 3 17 18 7 1
15 2 28 13 14 3 11 6 17 23 7 1
25 13 2 8 14 17 18 21 26 28 3 35 36 7 1
25 13 2 8 14 17 18 21 26 28 3 35 36 7 1
9 11 17 3 0 14 19 21 23 7 1
9 11 17 3 0 14 19 21 23 7 1
15 2 28 13 14 3 11 6 17 23 7 1
24 2 14 18 19 20 23 3 27 36 7 1
24 2 14 18 19 20 23 3 27 36 7 1
15 2 8 10 11 12 18 23 24 27 3 19 20 13 7 1
15 2 8 10 11 12 18 23 24 27 3 19 20 13 7 1
9 2 11 3 8 4 11 5 13 16 19 21 23 24 7 1
10 21 2 9 11 12 13 18 20 3 25 6 28 29 7 1
10 21 2 9 11 12 13 18 20 3 25 6 28 29 7 1
15 2 8 10 11 12 17 18 3 32 26 22 31 7 1
15 2 8 10 11 12 17 18 3 32 26 22 31 7 1
8 2 12 17 18 20 28 3 15 5 11 36 7 1
8 2 12 17 18 20 28 3 15 5 11 36 7 1
10 2 8 17 12 15 3 14 6 16 18 19 22 7 1
10 2 8 17 12 15 3 14 6 16 18 19 22 7 1
9 2 11 3 8 4 11 5 13 16 19 21 23 24 7 1
12 2 8 11 14 31 3 39 40 16 18 30 7 1
12 2 8 11 14 31 3 39 40 16 18 30 7 1
8 16 2 11 14 15 18 31 3 33 12 19 24 28 7 1
8 16 2 11 14 15 18 31 3 33 12 19 24 28 7 1
16 2 17 12 23 3 13 6 26 18 19 20 7 1
16 2 17 12 23 3 13 6 26 18 19 20 7 1
35 28 2 8 10 14 16 18 21 3 29 7 1
35 28 2 8 10 14 16 18 21 3 29 7 1
9 28 2 19 11 20 13 3 15 6 16 24 35 30 7 1
9 28 2 19 11 20 13 3 15 6 16 24 35 30 7 1
8 2 9 27 23 15 3 10 26 6 31 7 1
8 10 13 2 12 5 17 23 14 22 7 1
8 10 13 2 12 5 17 23 14 22 7 1
9 2 16 10 20 13 3 21 22 7 1
9 2 16 10 20 13 3 21 22 7 1
8 2 9 27 23 15 3 10 26 6 31 7 1
12 2 16 9 10 3 32 34 35 17 19 20 25 27 7 1
12 2 16 9 10 3 32 34 35 17 19 20 25 27 7 1
8 2 9 3 12 17 18 25 28 7 1
8 2 9 3 12 17 18 25 28 7 1
8 10 2 9 11 12 16 17 20 3 11 5 26 6 32 7 1
32 2 9 18 11 14 3 18 5 26 35 36 7 1
32 2 9 18 11 14 3 18 5 26 35 36 7 1
9 2 12 22 3 13 6 33 17 19 23 30 31 7 1
9 2 12 22 3 13 6 33 17 19 23 30 31 7 1
8 10 2 9 11 12 16 17 20 3 11 5 26 6 32 7 1
8 2 12 13 14 19 23 3 25 20 21 7 1
8 2 12 13 14 19 23 3 25 20 21 7 1
9 2 11 13 24 28 30 3 31 29 23 7 1
9 2 11 13 24 28 30 3 31 29 23 7 1
10 30 2 11 22 31 3 18 4 29 38 39 7 1
10 30 2 11 22 31 3 18 4 29 38 39 7 1
11 2 9 10 3 8 6 22 7 1
11 2 9 10 3 8 6 22 7 1
11 2 8 24 13 14 3 20 22 4 32 25 26 7 1
11 2 8 24 13 14 3 20 22 4 32 25 26 7 1
15 2 16 13 3 12 22 4 17 26 27 28 7 1
15 2 16 13 3 12 22 4 17 26 27 28 7 1
10 2 8 33 26 11 3 9 12 28 4 25 30 7 1
20 15 3 8 12 20 15 7 1
20 15 3 8 12 20 15 7 1
18 12 3 0 8 17 19 22 25 26 7 1
18 12 3 0 8 17 19 22 25 26 7 1
10 14 2 9 11 13 17 22 3 32 18 19 21 29 7 1
10 14 2 9 11 13 17 22 3 32 18 19 21 29 7 1
10 2 8 33 26 11 3 9 12 28 4 25 30 7 1
10 21 2 8 9 11 13 15 23 3 27 17 19 7 1
15 2 10 11 12 14 17 22 25 3 27 29 7 1
15 2 10 11 12 14 17 22 25 3 27 29 7 1
24 19 15 3 8 6 0 25 10 11 7 1
24 19 15 3 8 6 0 25 10 11 7 1
10 2 8 9 11 14 18 22 31 3 23 5 17 13 30 33 7 1
10 2 8 9 11 14 18 22 31 3 23 5 17 13 30 33 7 1
8 2 9 3 16 18 22 7 1
10 6 24 17 18 21 7 1
10 6 24 17 18 21 7 1
10 21 2 8 9 11 13 15 23 3 27 17 19 7 1
13 3 12 14 4 41 6 32 0 34 45 29 7 1
13 3 12 14 4 41 6 32 0 34 45 29 7 1
8 2 9 3 16 18 22 7 1
18 20 2 8 13 15 16 21 26 31 3 27 6 25 34 29 38 7 1
18 20 2 8 13 15 16 21 26 31 3 27 6 25 34 29 38 7 1
8 2 9 12 14 15 17 18 29 3 24 25 22 23 7 1
8 2 9 12 14 15 17 18 29 3 24 25 22 23 7 1
20 2 8 9 10 11 14 16 24 3 25 6 18 19 7 1
20 2 8 9 10 11 14 16 24 3 25 6 18 19 7 1
17 2 8 10 11 12 16 3 19 6 9 14 18 21 23 7 1
0 15 6 19 20 25 26 28 7 1
0 15 6 19 20 25 26 28 7 1
8 14 2 9 10 20 13 3 20 5 16 6 21 7 1
8 14 2 9 10 20 13 3 20 5 16 6 21 7 1
8 13 2 9 10 12 14 3 39 18 21 26 27 7 1
8 13 2 9 10 12 14 3 39 18 21 26 27 7 1
17 2 8 10 11 12 16 3 19 6 9 14 18 21 23 7 1
10 2 8 9 13 17 23 3 18 19 6 26 28 29 7 1
17 2 9 12 18 21 29 3 14 4 8 6 13 7 1
17 2 9 12 18 21 29 3 14 4 8 6 13 7 1
11 2 8 9 12 17 20 3 32 34 41 29 30 7 1
11 2 8 9 12 17 20 3 32 34 41 29 30 7 1
8 10 2 24 9 14 22 3 24 5 19 20 7 1
8 10 2 24 9 14 22 3 24 5 19 20 7 1
10 2 8 9 13 17 23 3 18 19 6 26 28 29 7 1
8 2 18 11 3 18 5 16 28 13 31 7 1
8 2 18 11 3 18 5 16 28 13 31 7 1
18 3 8 6 16 10 11 22 7 1
18 3 8 6 16 10 11 22 7 1
9 2 24 10 14 23 3 8 16 7 1
9 2 24 10 14 23 3 8 16 7 1
16 2 8 9 10 12 13 14 22 3 25 29 23 7 1
16 2 8 9 10 12 13 14 22 3 25 29 23 7 1
8 19 2 9 11 14 21 27 3 35 6 36 37 38 7 1
8 19 2 9 11 14 21 27 3 35 6 36 37 38 7 1
17 2 8 10 11 12 14 20 3 34 41 18 19 27 7 1
17 2 8 10 11 12 14 20 3 34 41 18 19 27 7 1
0 22 6 12 18 19 24 28 7 1
0 22 6 12 18 19 24 28 7 1
14 3 13 6 8 10 17 18 21 7 1
14 3 13 6 8 10 17 18 21 7 1
24 2 17 18 12 23 3 25 26 27 30 7 1
24 2 17 18 12 23 3 25 26 27 30 7 1
11 2 10 12 3 26 20 21 14 7 1
11 2 10 12 3 26 20 21 14 7 1
11 2 12 14 19 22 28 3 10 6 17 27 25 15 7 1
8 2 9 10 12 15 16 18 29 3 36 37 38 7 1
8 2 9 10 12 15 16 18 29 3 36 37 38 7 1
16 10 2 9 11 12 18 19 22 24 3 26 7 1
16 10 2 9 11 12 18 19 22 24 3 26 7 1
11 2 12 14 19 22 28 3 10 6 17 27 25 15 7 1
9 2 8 10 13 18 20 3 20 5 22 7 1
9 2 8 10 13 18 20 3 20 5 22 7 1
8 2 9 3 17 15 4 20 21 7 1
8 2 9 3 17 15 4 20 21 7 1
8 2 9 12 17 3 24 20 22 23 7 1
8 2 9 12 17 3 24 20 22 23 7 1
16 10 2 35 9 11 13 14 18 3 31 7 1
16 10 2 35 9 11 13 14 18 3 31 7 1
22 2 9 10 12 20 23 29 3 34 35 14 24 30 7 1
11 2 9 10 12 15 19 22 3 24 26 7 1
11 2 9 10 12 15 19 22 3 24 26 7 1
11 20 2 8 9 10 12 13 19 3 33 6 32 7 1
11 20 2 8 9 10 12 13 19 3 33 6 32 7 1
8 2 9 3 24 23 14 15 7 1
8 2 9 3 24 23 14 15 7 1
22 2 9 10 12 20 23 29 3 34 35 14 24 30 7 1
11 2 8 9 12 13 3 10 5 18 14 7 1
15 2 8 9 14 16 27 3 22 6 24 32 31 7 1
15 2 8 9 14 16 27 3 22 6 24 32 31 7 1
8 2 34 15 16 17 18 3 21 23 7 1
8 2 34 15 16 17 18 3 21 23 7 1
19 2 37 10 11 15 21 3 39 7 1
19 2 37 10 11 15 21 3 39 7 1
11 2 8 9 12 13 18 20 3 16 17 7 1
11 2 8 9 12 13 3 10 5 18 14 7 1
10 2 8 9 11 3 15 6 17 20 22 7 1
10 2 8 9 11 3 15 6 17 20 22 7 1
8 15 2 18 11 22 3 24 19 23 7 1
8 15 2 18 11 22 3 24 19 23 7 1
9 2 15 3 18 4 24 26 27 7 1
9 2 15 3 18 4 24 26 27 7 1
13 2 8 9 11 12 18 3 24 15 7 1
13 2 8 9 11 12 18 3 24 15 7 1
11 2 8 9 12 13 18 20 3 16 17 7 1
14 2 8 16 11 13 3 24 25 7 1
14 2 8 16 11 13 3 24 25 7 1
33 2 34 10 13 15 27 3 19 22 6 24 35 20 7 1
33 2 34 10 13 15 27 3 19 22 6 24 35 20 7 1
15 2 10 13 14 19 24 28 3 22 5 1
15 2 10 13 14 19 24 28 3 22 5 1
10 2 16 11 14 3 14 5 20 6 26 27 23 7 1
10 2 16 11 14 3 14 5 20 6 26 27 23 7 1
14 2 23 3 19 4 8 6 10 21 7 1
14 2 23 3 19 4 8 6 10 21 7 1
11 28 2 10 26 15 3 27 7 1
11 28 2 10 26 15 3 27 7 1
10 2 34 8 9 11 13 25 26 3 34 5 16 22 7 1
10 2 34 8 9 11 13 25 26 3 34 5 16 22 7 1
10 13 2 8 9 12 14 19 3 11 6 18 20 23 7 1
10 13 2 8 9 12 14 19 3 11 6 18 20 23 7 1
20 2 18 19 21 3 9 6 32 12 16 28 31 7 1
20 2 18 19 21 3 9 6 32 12 16 28 31 7 1
15 2 38 8 9 14 31 3 40 42 43 7 1
15 2 38 8 9 14 31 3 40 42 43 7 1
11 2 8 9 10 17 3 13 15 20 23 27 7 1
11 2 8 9 10 17 3 13 15 20 23 27 7 1
31 2 12 13 16 18 19 3 24 26 4 27 29 30 7 1
31 2 12 13 16 18 19 3 24 26 4 27 29 30 7 1
8 2 9 10 13 15 19 27 3 22 4 25 26 30 7 1
10 20 2 8 9 19 21 23 26 3 30 4 33 36 7 1
10 20 2 8 9 19 21 23 26 3 30 4 33 36 7 1
10 2 8 6 9 11 16 20 21 7 1
10 2 8 6 9 11 16 20 21 7 1
14 2 15 3 15 5 18 19 26 29 30 7 1
14 2 15 3 15 5 18 19 26 29 30 7 1
8 2 9 10 13 15 19 27 3 22 4 25 26 30 7 1
8 32 2 37 10 11 13 17 18 19 3 41 35 7 1
8 2 9 10 13 3 14 15 4 26 28 7 1
10 2 12 13 14 18 20 26 3 32 25 30 23 7 1
10 2 12 13 14 18 20 26 3 32 25 30 23 7 1
13 2 8 12 16 17 18 3 20 6 24 25 22 7 1
13 2 8 12 16 17 18 3 20 6 24 25 22 7 1
8 32 2 37 10 11 13 17 18 19 3 41 35 7 1
8 2 9 10 13 3 14 15 4 26 28 7 1
8 3 0 17 6 18 19 20 7 1
8 3 0 17 6 18 19 20 7 1
27 15 2 8 11 20 14 3 22 4 28 6 26 29 7 1
27 15 2 8 11 20 14 3 22 4 28 6 26 29 7 1
10 2 9 11 20 3 18 6 32 34 37 14 25 29 7 1
10 2 9 11 20 3 18 6 32 34 37 14 25 29 7 1
17 2 8 10 12 15 16 30 3 27 28 29 23 7 1
17 2 8 10 12 15 16 30 3 27 28 29 23 7 1
19 2 10 11 12 15 22 3 13 6 28 21 7 1
19 2 10 11 12 15 22 3 13 6 28 21 7 1
8 2 34 12 14 17 22 3 24 6 43 37 28 29 7 1
8 2 34 12 14 17 22 3 24 6 43 37 28 29 7 1
9 2 8 10 12 14 16 18 3 22 7 1
9 2 8 10 12 14 16 18 3 22 7 1
17 2 8 9 10 13 15 18 3 24 25 26 29 7 1
17 2 8 9 10 13 15 18 3 24 25 26 29 7 1
19 2 10 13 3 17 27 30 35 7 1
9 2 8 10 14 15 21 3 11 4 32 27 28 31 7 1
9 2 8 10 14 15 21 3 11 4 32 27 28 31 7 1
9 2 8 10 13 17 20 27 3 24 26 31 7 1
9 2 8 10 13 17 20 27 3 24 26 31 7 1
10 20 2 8 9 19 23 24 3 11 6 32 37 26 28 29 7 1
10 20 2 8 9 19 23 24 3 11 6 32 37 26 28 29 7 1
19 2 10 13 3 17 27 30 35 7 1
16 22 2 10 11 12 13 14 19 21 3 28 6 25 35 29 30 7 1
16 22 2 10 11 12 13 14 19 21 3 28 6 25 35 29 30 7 1
8 11 2 9 10 12 17 3 20 6 24 27 30 7 1
8 11 2 9 10 12 17 3 20 6 24 27 30 7 1
29 2 8 10 13 15 31 3 19 6 24 33 40 37 7 1
13 2 9 14 3 8 24 19 30 7 1
13 2 9 14 3 8 24 19 30 7 1
9 14 2 34 10 11 13 30 3 19 4 29 7 1
9 14 2 34 10 11 13 30 3 19 4 29 7 1
8 11 2 16 9 12 3 20 6 25 23 7 1
8 11 2 16 9 12 3 20 6 25 23 7 1
29 2 8 10 13 15 31 3 19 6 24 33 40 37 7 1
29 2 32 9 11 13 16 3 23 6 27 28 7 1
29 2 32 9 11 13 16 3 23 6 27 28 7 1
10 2 9 12 3 31 6 32 41 43 45 47 7 1
8 14 2 9 10 13 16 20 24 3 30 31 4 1
8 14 2 9 10 13 16 20 24 3 30 31 4 1
11 2 32 8 10 15 20 3 37 6 33 34 7 1
11 2 32 8 10 15 20 3 37 6 33 34 7 1
10 2 9 12 3 31 6 32 41 43 45 47 7 1
11 2 34 9 13 18 22 3 36 21 24 25 27 7 1
8 15 2 37 9 12 16 19 20 27 29 3 21 6 44 7 1
8 15 2 37 9 12 16 19 20 27 29 3 21 6 44 7 1
44 46 2 40 13 18 20 22 30 3 34 6 41 7 1
44 46 2 40 13 18 20 22 30 3 34 6 41 7 1
9 2 14 3 12 4 15 6 21 22 7 1
9 2 14 3 12 4 15 6 21 22 7 1
8 2 12 3 21 23 6 26 30 31 7 1
8 2 12 3 21 23 6 26 30 31 7 1
11 2 34 9 13 18 22 3 36 21 24 25 27 7 1
20 2 8 10 12 13 18 26 3 24 7 1
20 2 8 10 12 13 18 26 3 24 7 1
9 2 8 10 11 3 18 19 20 21 7 1
9 2 8 10 11 3 18 19 20 21 7 1
11 14 2 8 12 13 22 3 12 5 16 17 18 29 7 1
11 14 2 8 12 13 22 3 12 5 16 17 18 29 7 1
15 2 9 10 11 12 16 3 11 5 17 18 20 22 28 7 1
15 2 9 10 11 12 16 3 11 5 17 18 20 22 28 7 1
8 2 35 9 10 12 18 22 29 3 15 4 39 7 1
9 11 2 10 12 13 22 3 13 5 15 6 16 7 1
9 11 2 10 12 13 22 3 13 5 15 6 16 7 1
0 22 14 15 7 1
0 22 14 15 7 1
11 2 8 9 10 13 17 18 3 17 5 26 19 28 7 1
11 2 8 9 10 13 17 18 3 17 5 26 19 28 7 1
8 2 35 9 10 12 18 22 29 3 15 4 39 7 1
16 17 14 15 7 1
16 17 14 15 7 1
8 19 2 9 10 11 13 29 3 17 18 22 30 7 1
8 19 2 9 10 11 13 29 3 17 18 22 30 7 1
27 11 2 10 12 13 3 29 4 33 34 35 7 1
27 11 2 10 12 13 3 29 4 33 34 35 7 1
9 29 2 8 10 11 14 15 16 24 28 3 23 5 31 6 27 7 1
8 2 9 10 12 14 16 19 25 3 21 6 22 7 1
8 2 9 10 12 14 16 19 25 3 21 6 22 7 1
10 2 8 9 12 15 3 30 23 7 1
9 2 8 10 12 14 18 21 3 15 5 16 20 30 7 1
9 2 8 10 12 14 18 21 3 15 5 16 20 30 7 1
8 3 12 6 25 27 28 14 7 1
8 3 12 6 25 27 28 14 7 1
9 29 2 8 10 11 14 15 16 24 28 3 23 5 31 6 27 7 1
10 2 8 9 12 15 3 30 23 7 1
21 2 17 10 19 13 3 11 6 24 27 23 7 1
21 2 17 10 19 13 3 11 6 24 27 23 7 1
10 13 2 9 11 12 15 16 21 28 3 18 19 4 23 6 34 7 1
10 13 2 9 11 12 15 16 21 28 3 18 19 4 23 6 34 7 1
12 2 37 38 8 9 10 14 16 21 3 31 6 28 7 1
12 2 37 38 8 9 10 14 16 21 3 31 6 28 7 1
27 2 32 9 10 12 26 3 20 6 24 25 21 7 1
27 2 32 9 10 12 26 3 20 6 24 25 21 7 1
10 2 8 13 15 3 26 19 20 34 7 1
10 2 8 13 15 3 26 19 20 34 7 1
10 2 36 14 15 20 29 3 32 41 34 7 1
10 2 36 14 15 20 29 3 32 41 34 7 1
34 30 2 32 8 9 17 18 19 22 3 33 7 1
34 30 2 32 8 9 17 18 19 22 3 33 7 1
16 0 14 6 32 20 21 23 28 7 1
16 0 14 6 32 20 21 23 28 7 1
9 2 10 11 14 19 22 3 36 29 4 41 43 7 1
9 2 10 11 14 19 22 3 36 29 4 41 43 7 1
24 15 2 8 9 14 17 27 3 26 12 6 16 23 7 1
24 15 2 8 9 14 17 27 3 26 12 6 16 23 7 1
8 14 2 32 11 12 19 21 3 34 27 13 7 1
11 2 8 12 14 16 24 3 17 4 33 26 34 7 1
11 2 8 12 14 16 24 3 17 4 33 26 34 7 1
12 2 9 11 13 17 3 18 6 25 26 37 21 7 1
12 2 9 11 13 17 3 18 6 25 26 37 21 7 1
9 17 2 8 10 11 12 14 15 3 21 7 1
9 17 2 8 10 11 12 14 15 3 21 7 1
8 14 2 32 11 12 19 21 3 34 27 13 7 1
9 12 2 8 10 15 20 28 3 33 35 23 26 30 7 1
9 12 2 8 10 15 20 28 3 33 35 23 26 30 7 1
21 2 8 9 12 16 18 25 3 26 35 38 39 7 1
21 2 8 9 12 16 18 25 3 26 35 38 39 7 1
11 2 18 12 13 22 3 26 6 32 33 36 38 29 7 1
11 2 18 12 13 22 3 26 6 32 33 36 38 29 7 1
9 2 24 11 3 8 16 19 23 7 1
9 2 24 11 3 8 16 19 23 7 1
10 2 14 3 14 5 16 25 7 1
10 2 14 3 14 5 16 25 7 1
15 2 8 9 12 14 21 25 29 3 36 7 1
8 2 9 12 3 13 6 17 15 7 1
10 13 2 8 9 11 14 19 3 38 24 26 27 28 7 1
10 13 2 8 9 11 14 19 3 38 24 26 27 28 7 1
32 2 8 12 13 14 18 28 29 3 33 35 7 1
32 2 8 12 13 14 18 28 29 3 33 35 7 1
15 2 8 9 12 14 21 25 29 3 36 7 1
8 2 9 12 3 13 6 17 15 7 1
10 2 16 11 12 3 8 6 9 13 18 19 21 7 1
10 2 16 11 12 3 8 6 9 13 18 19 21 7 1
10 2 8 3 12 6 14 16 17 20 24 7 1
10 2 8 3 12 6 14 16 17 20 24 7 1
34 2 35 42 13 15 17 22 3 42 5 1
14 6 17 18 20 23 24 7 1
12 2 8 10 11 13 20 3 25 18 19 7 1
12 2 8 10 11 13 20 3 25 18 19 7 1
26 2 28 22 15 3 31 6 33 34 11 13 7 1
26 2 28 22 15 3 31 6 33 34 11 13 7 1
34 2 35 42 13 15 17 22 3 42 5 1
12 2 8 11 13 15 20 3 26 6 29 30 31 7 1
12 2 8 11 13 15 20 3 26 6 29 30 31 7 1
14 6 17 18 20 23 24 7 1
15 2 8 9 13 14 17 3 16 35 5 35 7 1
15 2 9 11 13 14 15 17 18 22 24 3 16 30 4 35 6 29 7 1
23 35 2 9 22 23 33 37 3 1
8 14 2 8 14 18 27 3 20 22 7 1
8 2 8 15 18 3 9 6 12 20 22 7 1
14 2 14 18 3 15 21 30 33 7 1
14 2 14 18 3 8 6 9 15 21 22 25 31 7 1
23 27 32 39 2 10 12 14 23 30 33 39 45 3 1
8 9 11 12 13 16 17 2 8 11 16 17 3 18 6 20 26 7 1
11 2 8 9 11 13 3 18 6 24 7 1
8 12 2 8 10 12 13 3 17 22 7 1
8 2 10 3 17 28 7 1
10 2 10 16 19 21 24 3 8 4 28 32 7 1
10 2 10 13 27 3 12 15 17 4 20 28 6 22 7 1
8 2 10 11 3 12 15 17 23 4 28 6 22 25 7 1
9 26 28 29 3 20 6 1
29 2 21 26 28 29 3 20 6 23 7 1
9 11 13 14 2 8 9 11 13 18 3 20 21 7 1
9 2 8 9 12 18 3 20 21 7 1
15 2 15 3 13 26 7 1
15 2 15 3 13 26 27 7 1
19 2 10 16 19 21 24 3 13 25 28 7 1
8 13 2 9 10 16 20 31 3 25 4 23 5 1
8 13 2 9 10 16 20 31 3 25 4 23 5 1
12 2 19 11 13 14 3 24 4 10 30 7 1
12 2 19 11 13 14 3 24 4 10 30 7 1
9 2 33 8 10 12 15 19 20 3 34 29 7 1
9 2 33 8 10 12 15 19 20 3 34 29 7 1
8 2 9 11 3 24 4 27 5 32 40 37 7 1
8 2 9 11 3 24 4 27 5 32 40 37 7 1
9 2 8 26 12 13 3 10 11 19 21 22 7 1
9 2 8 26 12 13 3 10 11 19 21 22 7 1
8 2 16 17 20 13 3 25 28 21 22 7 1
8 2 16 17 20 13 3 25 28 21 22 7 1
0 18 19 21 23 25 7 1
18 2 8 10 11 16 27 30 3 28 29 7 1
18 2 8 10 11 16 27 30 3 28 29 7 1
13 2 8 9 18 12 3 18 5 22 14 15 7 1
13 2 8 9 18 12 3 18 5 22 14 15 7 1
9 2 8 10 3 24 20 21 23 7 1
9 2 8 10 3 24 20 21 23 7 1
14 2 9 15 3 16 6 25 26 7 1
14 2 9 15 3 16 6 25 26 7 1
9 2 8 11 3 10 13 4 25 26 28 7 1
9 2 8 11 3 10 13 4 25 26 28 7 1
0 18 19 21 23 25 7 1
8 2 9 10 3 26 4 13 6 32 17 19 21 25 7 1
13 2 16 9 10 3 14 4 17 5 11 7 1
8 2 9 11 14 3 18 21 7 1
8 2 9 11 14 3 18 21 7 1
8 17 13 2 38 9 12 15 22 24 3 9 5 40 42 39 7 1
8 17 13 2 38 9 12 15 22 24 3 9 5 40 42 39 7 1
8 2 9 10 3 26 4 13 6 32 17 19 21 25 7 1
13 2 16 9 10 3 14 4 17 5 11 7 1
25 6 0 27 30 31 7 1
25 6 0 27 30 31 7 1
11 2 8 10 13 3 24 18 21 23 7 1
11 2 8 10 13 3 24 18 21 23 7 1
14 2 15 19 24 29 30 3 32 34 7 1
14 2 15 19 24 29 30 3 32 34 7 1
8 26 2 9 10 11 12 17 21 3 21 5 28 6 29 7 1
8 26 2 9 10 11 12 17 21 3 21 5 28 6 29 7 1
9 2 8 16 11 15 3 13 4 17 6 10 12 7 1
9 2 8 16 11 15 3 13 4 17 6 10 12 7 1
27 22 2 8 9 12 23 3 25 26 7 1
27 22 2 8 9 12 23 3 25 26 7 1
16 11 2 8 9 12 20 23 3 13 4 32 7 1
16 11 2 8 9 12 20 23 3 13 4 32 7 1
20 2 24 18 3 22 15 7 1
20 2 24 18 3 22 15 7 1
11 2 12 15 3 21 4 15 5 9 21 6 1
11 2 12 15 3 21 4 15 5 9 21 6 1
24 11 2 8 9 10 17 25 3 25 20 21 22 7 1
24 11 2 8 9 10 17 25 3 25 20 21 22 7 1
16 20 2 8 11 12 13 17 29 3 18 6 30 7 1
16 20 2 8 11 12 13 17 29 3 18 6 30 7 1
10 6 8 12 14 15 16 7 1
10 6 8 12 14 15 16 7 1
20 2 9 18 23 3 23 5 14 22 7 1
20 2 9 18 23 3 23 5 14 22 7 1
10 2 8 11 14 18 22 3 26 27 28 29 7 1
10 2 8 11 14 18 22 3 26 27 28 29 7 1
17 10 2 8 9 11 13 15 3 14 5 20 7 1
17 10 2 8 9 11 13 15 3 14 5 20 7 1
8 2 9 19 13 3 24 21 7 1
8 2 9 19 13 3 24 21 7 1
18 2 8 3 16 10 4 22 6 24 29 7 1
10 2 20 4 9 18 22 27 28 7 1
10 2 20 4 9 18 22 27 28 7 1
10 2 9 12 15 20 22 3 32 28 29 30 7 1
10 2 9 12 15 20 22 3 32 28 29 30 7 1
12 2 8 10 14 16 18 3 13 4 14 5 13 7 1
12 2 8 10 14 16 18 3 13 4 14 5 13 7 1
18 2 8 3 16 10 4 22 6 24 29 7 1
10 28 2 18 26 13 3 14 4 34 35 30 31 7 1
10 28 2 18 26 13 3 14 4 34 35 30 31 7 1
8 2 10 3 15 4 16 26 7 1
8 2 10 3 15 4 16 26 7 1
8 9 10 11 2 15 16 21 23 25 7 1
8 9 10 11 2 15 16 21 23 25 7 1
8 2 16 12 22 23 3 18 23 13 15 5 13 7 1
8 2 16 12 22 23 3 18 23 13 15 5 13 7 1
14 2 8 9 11 12 16 3 17 18 19 23 27 7 1
14 2 8 9 11 12 16 3 17 18 19 23 27 7 1
19 2 9 10 12 15 18 20 3 17 26 29 25 7 1
19 2 9 10 12 15 18 20 3 17 26 29 25 7 1
9 2 8 10 13 3 14 6 16 24 23 15 7 1
9 2 8 10 13 3 14 6 16 24 23 15 7 1
8 25 2 9 10 11 17 20 3 32 26 28 7 1
8 25 2 9 10 11 17 20 3 32 26 28 7 1
24 3 10 6 18 27 29 30 7 1
24 3 10 6 18 27 29 30 7 1
12 2 10 11 14 17 22 26 3 27 6 35 31 7 1
10 2 8 12 3 15 18 22 24 29 7 1
10 2 8 12 3 15 18 22 24 29 7 1
12 2 10 11 14 17 22 26 3 27 6 35 31 7 1
8 27 11 2 16 9 13 3 29 6 32 31 7 1
8 27 11 2 16 9 13 3 29 6 32 31 7 1
10 2 8 3 11 4 28 6 27 29 31 7 1
10 2 8 3 11 4 28 6 27 29 31 7 1
12 2 9 3 8 14 15 18 19 7 1
8 2 24 9 18 20 3 25 20 5 29 7 1
8 2 24 9 18 20 3 25 20 5 29 7 1
9 15 2 16 10 12 13 3 19 6 26 7 1
9 15 2 16 10 12 13 3 19 6 26 7 1
8 29 2 24 9 12 3 25 5 1
8 29 2 24 9 12 3 25 5 1
9 19 2 25 11 21 15 3 12 4 8 24 6 16 7 1
9 19 2 25 11 21 15 3 12 4 8 24 6 16 7 1
12 2 9 3 8 14 15 18 19 7 1
10 2 8 9 11 3 1
10 2 8 9 11 3 1
8 14 2 9 10 13 15 20 3 9 5 16 18 7 1
8 14 2 9 10 13 15 20 3 9 5 16 18 7 1
8 2 24 14 3 14 5 27 6 32 25 28 7 1
11 2 8 16 10 3 24 20 7 1
8 2 10 12 14 15 25 3 27 28 29 7 1
8 2 10 12 14 15 25 3 27 28 29 7 1
8 2 10 13 14 15 25 3 20 6 24 34 36 21 7 1
8 2 10 13 14 15 25 3 20 6 24 34 36 21 7 1
8 2 24 14 3 14 5 27 6 32 25 28 7 1
11 2 8 16 10 3 24 20 7 1
9 2 8 12 3 10 4 18 6 24 19 7 1
9 2 8 12 3 10 4 18 6 24 19 7 1
9 15 2 33 8 10 12 17 20 3 27 29 7 1
9 15 2 33 8 10 12 17 20 3 27 29 7 1
8 2 9 12 16 22 30 3 15 6 32 36 37 23 27 31 7 1
8 2 9 12 16 22 30 3 15 6 32 36 37 23 27 31 7 1
27 11 13 3 0 10 15 19 28 7 1
27 11 13 3 0 10 15 19 28 7 1
10 2 25 19 29 3 8 34 4 16 21 7 1
10 2 25 19 29 3 8 34 4 16 21 7 1
24 23 2 8 9 10 3 8 5 11 12 18 22 29 7 1
24 23 2 8 9 10 3 8 5 11 12 18 22 29 7 1
13 2 12 14 3 17 4 24 6 26 34 7 1
11 2 8 9 19 14 3 22 4 18 20 21 7 1
11 2 8 9 19 14 3 22 4 18 20 21 7 1
15 2 8 10 18 12 3 16 4 20 22 7 1
15 2 8 10 18 12 3 16 4 20 22 7 1
32 2 25 26 27 3 10 4 15 17 20 22 27 7 1
32 2 25 26 27 3 10 4 15 17 20 22 27 7 1
13 2 12 14 3 17 4 24 6 26 34 7 1
23 3 16 4 17 6 24 28 30 7 1
23 3 16 4 17 6 24 28 30 7 1
8 2 9 3 14 6 27 28 29 7 1
8 2 9 3 14 6 27 28 29 7 1
13 2 12 14 15 17 26 3 8 4 26 5 25 7 1
13 2 12 14 15 17 26 3 8 4 26 5 25 7 1
14 22 2 12 16 17 23 29 3 26 27 21 7 1
14 22 2 12 16 17 23 29 3 26 27 21 7 1
11 2 12 3 8 9 13 14 7 1
11 2 12 3 8 9 13 14 7 1
10 3 8 20 13 4 10 5 12 15 7 1
10 3 8 20 13 4 10 5 12 15 7 1
18 2 10 20 3 33 16 24 26 27 7 1
18 2 10 20 3 33 16 24 26 27 7 1
14 4 8 25 6 9 18 20 27 29 7 1
12 2 8 10 11 13 15 16 31 3 25 33 22 23 7 1
12 2 8 10 11 13 15 16 31 3 25 33 22 23 7 1
23 2 24 25 13 15 3 34 19 37 7 1
23 2 24 25 13 15 3 34 19 37 7 1
14 4 8 25 6 9 18 20 27 29 7 1
8 12 2 10 13 14 21 27 3 20 28 4 24 6 36 7 1
8 12 2 10 13 14 21 27 3 20 28 4 24 6 36 7 1
19 2 8 9 10 12 15 3 26 28 7 1
19 2 8 9 10 12 15 3 26 28 7 1
11 2 8 9 12 19 20 3 8 5 15 17 18 25 29 7 1
11 2 8 9 12 19 20 3 8 5 15 17 18 25 29 7 1
8 2 9 3 27 15 4 31 6 32 34 7 1
8 2 9 3 27 15 4 31 6 32 34 7 1
8 2 20 13 22 36 3 21 4 19 6 27 28 29 7 1
9 2 16 10 13 3 25 6 28 29 7 1
9 2 16 10 13 3 25 6 28 29 7 1
10 2 8 12 14 16 19 23 3 33 7 1
16 11 2 33 8 9 10 13 14 22 3 35 6 38 39 7 1
16 11 2 33 8 9 10 13 14 22 3 35 6 38 39 7 1
8 2 20 13 22 36 3 21 4 19 6 27 28 29 7 1
18 2 8 10 11 20 23 3 25 27 7 1
18 2 8 10 11 20 23 3 25 27 7 1
16 2 9 12 14 15 21 3 17 6 26 25 18 19 7 1
16 2 9 12 14 15 21 3 17 6 26 25 18 19 7 1
8 2 10 3 9 5 21 6 32 23 25 27 30 31 7 1
8 2 10 3 9 5 21 6 32 23 25 27 30 31 7 1
10 2 8 12 14 16 19 23 3 33 7 1
16 2 8 9 12 17 22 3 24 6 27 19 7 1
9 2 8 3 12 14 4 8 5 17 18 7 1
9 2 8 3 12 14 4 8 5 17 18 7 1
16 9 2 11 12 14 22 29 3 25 6 26 31 7 1
16 2 8 9 12 17 22 3 24 6 27 19 7 1
11 2 10 20 3 8 6 25 9 22 31 7 1
11 2 10 20 3 8 6 25 9 22 31 7 1
9 15 2 8 16 12 14 3 16 5 32 26 19 7 1
9 15 2 8 16 12 14 3 16 5 32 26 19 7 1
18 3 16 10 4 18 5 0 23 7 1
18 3 16 10 4 18 5 0 23 7 1
8 10 2 9 18 20 14 3 25 26 7 1
8 10 2 9 18 20 14 3 25 26 7 1
16 9 2 11 12 14 22 29 3 25 6 26 31 7 1
10 2 8 9 11 12 15 19 21 3 25 18 27 28 7 1
10 2 8 9 11 12 15 19 21 3 25 18 27 28 7 1
17 10 2 36 8 12 14 18 22 3 23 7 1
15 3 14 4 15 5 17 12 7 1
15 3 14 4 15 5 17 12 7 1
14 2 8 16 15 3 18 6 10 11 19 25 26 28 7 1
14 2 8 16 15 3 18 6 10 11 19 25 26 28 7 1
15 2 8 9 13 14 16 17 21 3 34 37 7 1
15 2 8 9 13 14 16 17 21 3 34 37 7 1
17 10 2 36 8 12 14 18 22 3 23 7 1
20 2 8 11 13 21 27 3 8 5 26 7 1
20 2 8 11 13 21 27 3 8 5 26 7 1
10 12 2 8 11 14 21 22 26 3 18 5 17 7 1
10 12 2 8 11 14 21 22 26 3 18 5 17 7 1
25 42 2 26 27 29 30 3 10 14 4 33 45 37 7 1
25 42 2 26 27 29 30 3 10 14 4 33 45 37 7 1
8 2 9 10 14 3 16 13 15 7 1
8 2 9 10 14 3 16 13 15 7 1
8 10 13 2 9 11 12 15 3 20 6 25 27 23 7 1
8 10 13 2 9 11 12 15 3 20 6 25 27 23 7 1
19 11 2 8 12 14 16 21 3 24 6 30 7 1
19 11 2 8 12 14 16 21 3 24 6 30 7 1
8 27 2 9 11 13 14 15 16 21 3 18 19 4 1
8 27 2 9 11 13 14 15 16 21 3 18 19 4 1
8 2 34 11 15 16 20 3 32 4 41 7 1
25 2 17 13 15 3 12 4 32 8 9 11 23 7 1
9 2 8 10 14 16 19 24 3 27 31 7 1
9 2 8 10 14 16 19 24 3 27 31 7 1
15 2 27 3 8 5 9 6 32 33 7 1
15 2 27 3 8 5 9 6 32 33 7 1
8 2 34 11 15 16 20 3 32 4 41 7 1
14 6 16 17 15 7 1
14 6 16 17 15 7 1
8 2 9 13 3 16 12 4 20 6 14 7 1
16 2 8 9 10 11 14 15 3 17 18 19 20 24 7 1
16 2 8 9 10 11 14 15 3 17 18 19 20 24 7 1
25 2 17 13 15 3 12 4 32 8 9 11 23 7 1
9 2 8 10 12 22 23 24 25 3 16 33 13 30 7 1
9 2 8 10 12 22 23 24 25 3 16 33 13 30 7 1
8 2 9 13 3 16 12 4 20 6 14 7 1
18 2 16 13 15 3 21 12 20 22 7 1
18 2 16 13 15 3 21 12 20 22 7 1
10 2 11 3 25 26 7 1
10 2 11 3 25 26 7 1
19 2 8 10 11 20 30 3 30 5 24 17 18 7 1
19 2 8 10 11 20 30 3 30 5 24 17 18 7 1
21 6 22 25 26 27 29 7 1
21 6 22 25 26 27 29 7 1
8 18 2 9 10 17 21 26 3 28 7 1
8 18 2 9 10 17 21 26 3 28 7 1
9 2 32 8 10 14 16 17 24 3 32 5 26 28 7 1
9 2 32 8 10 14 16 17 24 3 32 5 26 28 7 1
15 2 8 10 13 16 26 3 18 4 16 5 29 31 7 1
15 2 8 10 13 16 26 3 18 4 16 5 29 31 7 1
10 12 2 11 13 3 14 23 6 17 18 15 7 1
10 12 2 11 13 3 14 23 6 17 18 15 7 1
16 2 8 10 13 14 18 25 29 30 3 1
16 2 8 10 13 14 18 25 29 30 3 1
9 13 2 35 10 12 15 17 21 3 14 4 1
9 13 2 35 10 12 15 17 21 3 14 4 1
10 14 3 16 17 13 7 1
10 14 3 16 17 13 7 1
10 13 2 8 11 14 3 16 17 15 7 1
10 13 2 8 11 14 3 16 17 15 7 1
17 2 10 13 15 18 20 21 3 8 5 9 7 1
17 2 10 13 15 18 20 21 3 8 5 9 7 1
10 2 8 12 21 3 18 19 4 8 5 23 7 1
10 2 8 12 21 3 18 19 4 8 5 23 7 1
33 13 2 11 12 16 24 28 3 32 29 7 1
12 2 8 3 16 4 25 20 15 7 1
12 2 8 3 16 4 25 20 15 7 1
9 20 2 8 10 13 15 22 3 32 28 36 7 1
9 20 2 8 10 13 15 22 3 32 28 36 7 1
8 15 2 18 13 3 17 20 26 27 28 31 7 1
8 15 2 18 13 3 17 20 26 27 28 31 7 1
33 13 2 11 12 16 24 28 3 32 29 7 1
9 2 10 11 12 3 22 7 1
9 2 10 11 12 3 22 7 1
8 22 2 12 15 18 19 23 25 3 24 7 1
8 22 2 12 15 18 19 23 25 3 24 7 1
11 2 8 9 12 14 18 3 17 21 22 24 28 7 1
11 2 8 9 12 14 18 3 17 21 22 24 28 7 1
17 15 2 8 10 11 23 30 3 10 5 16 7 1
17 15 2 8 10 11 23 30 3 10 5 16 7 1
9 2 10 3 16 18 19 7 1
9 2 10 3 16 18 19 7 1
25 13 2 8 9 12 14 15 20 24 26 3 28 6 31 7 1
25 13 2 8 9 12 14 15 20 24 26 3 28 6 31 7 1
8 19 2 9 18 11 22 3 23 5 16 31 7 1
8 19 2 9 18 11 22 3 23 5 16 31 7 1
8 2 10 13 22 15 3 25 6 27 19 7 1
8 2 10 13 22 15 3 25 6 27 19 7 1
9 13 2 10 12 3 17 20 14 15 7 1
9 13 2 10 12 3 17 20 14 15 7 1
19 3 10 6 0 14 15 21 22 23 7 1
19 3 10 6 0 14 15 21 22 23 7 1
9 2 8 10 14 19 30 3 22 5 32 33 18 34 7 1
9 2 8 10 14 19 30 3 22 5 32 33 18 34 7 1
8 2 9 13 14 25 31 3 35 27 36 37 7 1
8 2 9 13 14 15 18 3 23 6 24 19 20 21 7 1
8 2 9 13 14 15 18 3 23 6 24 19 20 21 7 1
9 2 11 3 16 4 11 5 14 6 27 20 31 7 1
9 2 11 3 16 4 11 5 14 6 27 20 31 7 1
8 2 33 9 12 17 18 25 3 21 6 35 7 1
8 2 9 13 14 25 31 3 35 27 36 37 7 1
8 17 10 14 3 18 6 0 18 21 25 28 29 7 1
8 17 10 14 3 18 6 0 18 21 25 28 29 7 1
10 22 2 8 11 16 18 19 20 25 3 12 4 13 6 40 34 38 7 1
10 22 2 8 11 16 18 19 20 25 3 12 4 13 6 40 34 38 7 1
15 2 18 14 22 3 8 10 4 16 5 11 7 1
15 2 18 14 22 3 8 10 4 16 5 11 7 1
8 2 33 9 12 17 18 25 3 21 6 35 7 1
11 36 2 32 34 8 10 12 13 29 3 25 35 7 1
11 36 2 32 34 8 10 12 13 29 3 25 35 7 1
8 20 2 9 11 3 32 18 19 25 29 7 1
8 20 2 9 11 3 32 18 19 25 29 7 1
19 2 8 11 17 18 21 3 16 10 20 23 7 1
28 2 16 17 29 24 3 8 11 18 25 30 7 1
28 2 16 17 29 24 3 8 11 18 25 30 7 1
8 13 2 9 10 12 15 3 14 6 26 19 20 21 7 1
24 14 2 9 10 11 13 3 41 36 37 7 1
24 14 2 9 10 11 13 3 41 36 37 7 1
13 2 9 11 12 17 3 26 36 7 1
13 2 9 11 12 17 3 26 36 7 1
19 2 8 11 17 18 21 3 16 10 20 23 7 1
8 13 2 9 10 12 15 3 14 6 26 19 20 21 7 1
8 2 16 17 27 3 27 5 24 18 26 7 1
8 2 16 17 27 3 27 5 24 18 26 7 1
25 2 10 11 14 20 21 27 3 17 6 32 33 7 1
25 2 10 11 14 20 21 27 3 17 6 32 33 7 1
11 20 2 10 19 13 3 10 5 1
11 20 2 10 19 13 3 10 5 1
13 2 8 9 10 12 16 18 28 3 26 35 23 7 1
10 2 8 12 3 24 6 33 34 35 25 28 7 1
10 2 8 12 3 24 6 33 34 35 25 28 7 1
17 2 8 33 10 15 3 9 6 26 27 29 30 7 1
17 2 8 33 10 15 3 9 6 26 27 29 30 7 1
13 2 8 9 10 12 16 18 28 3 26 35 23 7 1
25 2 9 11 13 17 18 22 3 39 7 1
25 2 9 11 13 17 18 22 3 39 7 1
10 2 16 9 12 3 18 6 24 26 27 7 1
10 2 16 9 12 3 18 6 24 26 27 7 1
8 2 9 11 3 9 5 13 6 12 22 15 7 1
8 2 9 11 3 9 5 13 6 12 22 15 7 1
15 2 34 11 16 18 20 27 3 10 4 35 6 31 7 1
15 2 34 11 16 18 20 27 3 10 4 35 6 31 7 1
17 10 2 8 11 15 19 29 3 20 13 4 25 7 1
12 2 10 14 3 14 5 9 6 25 22 7 1
12 2 10 14 3 14 5 9 6 25 22 7 1
10 20 21 2 1
10 20 21 2 1
17 10 2 8 11 15 19 29 3 20 13 4 25 7 1
25 2 8 9 12 15 16 21 3 22 5 27 11 6 1
25 2 8 9 12 15 16 21 3 22 5 27 11 6 1
8 2 9 3 26 6 18 19 29 7 1
8 2 9 3 26 6 18 19 29 7 1
8 21 2 9 10 12 13 14 16 3 20 6 26 27 7 1
8 21 2 9 10 12 13 14 16 3 20 6 26 27 7 1
15 2 32 10 17 19 29 3 33 34 35 38 7 1
26 20 2 25 27 21 3 25 21 5 8 30 7 1
26 20 2 25 27 21 3 25 21 5 8 30 7 1
8 11 2 10 20 3 16 18 27 29 7 1
8 11 2 10 20 3 16 18 27 29 7 1
19 11 2 9 12 13 3 22 6 24 28 7 1
19 11 2 9 12 13 3 22 6 24 28 7 1
15 2 32 10 17 19 29 3 33 34 35 38 7 1
22 2 18 28 3 33 4 39 10 14 20 24 7 1
22 2 18 28 3 33 4 39 10 14 20 24 7 1
16 24 12 2 1
16 3 8 5 10 6 0 17 7 1
16 3 8 5 10 6 0 17 7 1
9 2 10 11 3 22 4 16 32 23 7 1
9 2 10 11 3 22 4 16 32 23 7 1
10 2 18 12 3 8 6 32 34 26 28 31 7 1
10 2 18 12 3 8 6 32 34 26 28 31 7 1
16 24 12 2 1
8 2 16 11 13 3 24 23 7 1
8 2 16 11 13 3 24 23 7 1
11 2 8 9 12 16 19 3 16 5 25 20 22 23 7 1
11 2 8 9 12 16 19 3 16 5 25 20 22 23 7 1
31 2 34 10 17 19 29 3 8 5 25 7 1
31 2 34 10 17 19 29 3 8 5 25 7 1
14 2 12 13 22 15 3 8 4 26 27 21 7 1
8 2 8 12 13 14 15 22 3 23 26 7 1
18 29 2 10 12 13 17 18 29 33 3 34 7 1
27 2 8 12 17 18 20 27 29 33 3 34 7 1
8 9 2 8 9 10 12 23 24 26 3 18 25 28 7 1
8 2 8 3 18 7 1
8 11 2 9 13 14 19 20 25 3 27 29 34 7 1
8 11 2 8 9 13 19 24 3 27 29 32 7 1
8 9 2 8 9 15 16 18 3 24 6 19 20 22 23 7 1
8 2 8 3 24 6 20 23 7 1
12 15 2 9 10 12 13 15 3 14 6 18 19 20 21 22 7 1
12 2 14 6 22 7 1
11 13 15 31 32 35 36 3 16 4 15 5 14 6 9 10 12 19 21 22 27 28 37 7 1
11 2 11 3 14 6 37 7 1
11 13 2 10 13 20 3 14 6 16 17 18 7 1
11 2 11 3 14 6 16 17 18 7 1
8 2 8 10 13 15 3 26 6 27 7 1
8 13 2 8 13 3 26 6 27 7 1
20 2 8 13 14 20 25 26 29 3 15 6 24 7 1
11 13 20 2 11 13 20 3 15 6 1
12 2 12 17 23 3 22 6 13 14 25 28 7 1
12 2 12 3 22 6 28 31 7 1
11 2 8 9 10 13 15 19 3 17 6 28 29 31 7 1
11 2 8 9 10 13 15 19 3 17 6 28 29 31 7 1
8 16 2 24 9 11 23 3 20 4 24 5 19 7 1
8 16 2 24 9 11 23 3 20 4 24 5 19 7 1
36 15 2 38 10 11 14 20 31 3 10 5 12 7 1
36 15 2 38 10 11 14 20 31 3 10 5 12 7 1
20 2 21 22 3 25 19 12 13 7 1
20 2 21 22 3 25 19 12 13 7 1
19 11 14 3 9 6 0 17 20 13 7 1
10 2 25 21 3 30 6 28 7 1
10 2 25 21 3 30 6 28 7 1
8 2 10 14 15 3 19 27 4 9 5 36 7 1
8 2 10 14 15 3 19 27 4 9 5 36 7 1
24 2 18 13 30 3 16 12 15 4 13 5 1
24 2 18 13 30 3 16 12 15 4 13 5 1
8 2 9 10 13 3 25 26 19 20 7 1
8 17 2 10 11 12 20 3 24 25 28 15 7 1
8 17 2 10 11 12 20 3 24 25 28 15 7 1
19 11 14 3 9 6 0 17 20 13 7 1
18 2 13 15 3 17 6 24 32 21 22 7 1
18 2 13 15 3 17 6 24 32 21 22 7 1
8 2 9 10 13 3 25 26 19 20 7 1
14 2 17 12 25 15 3 32 34 29 31 7 1
11 2 8 10 13 3 9 26 17 25 7 1
11 2 8 10 13 3 9 26 17 25 7 1
8 2 32 9 11 15 21 26 3 16 6 18 30 7 1
8 2 32 9 11 15 21 26 3 16 6 18 30 7 1
8 2 9 12 13 22 3 17 18 11 4 33 7 1
8 2 9 12 13 22 3 17 18 11 4 33 7 1
8 10 4 0 13 15 20 22 25 7 1
8 10 4 0 13 15 20 22 25 7 1
14 2 17 12 25 15 3 32 34 29 31 7 1
8 16 2 9 10 14 15 21 24 27 3 25 4 1
8 16 2 9 10 14 15 21 24 27 3 25 4 1
8 32 2 24 19 12 14 3 35 36 38 39 7 1
8 32 2 24 19 12 14 3 35 36 38 39 7 1
19 13 2 8 18 14 15 3 24 17 21 23 7 1
19 13 2 8 18 14 15 3 24 17 21 23 7 1
8 2 19 9 11 15 3 25 27 30 31 7 1
8 2 19 9 11 15 3 25 27 30 31 7 1
8 2 26 10 19 13 3 28 6 24 20 21 23 7 1
8 2 26 10 19 13 3 28 6 24 20 21 23 7 1
14 2 11 13 15 3 11 5 16 22 7 1
14 2 11 13 15 3 11 5 16 22 7 1
27 14 2 8 11 13 15 16 17 20 3 18 4 24 6 26 7 1
27 14 2 8 11 13 15 16 17 20 3 18 4 24 6 26 7 1
8 13 2 16 11 3 35 18 26 22 7 1
8 13 2 16 11 3 35 18 26 22 7 1
11 14 2 9 10 12 15 25 27 31 3 18 31 29 15 5 1
11 14 2 9 10 12 15 25 27 31 3 18 31 29 15 5 1
9 22 2 10 18 19 21 28 3 11 13 14 24 31 7 1
9 22 2 10 18 19 21 28 3 11 13 14 24 31 7 1
17 2 32 10 12 14 18 22 27 3 31 6 28 30 7 1
17 2 32 10 12 14 18 22 27 3 31 6 28 30 7 1
25 2 21 19 13 23 3 8 6 11 22 7 1
25 2 21 19 13 23 3 8 6 11 22 7 1
16 20 2 32 8 11 13 18 21 3 1
11 14 2 16 10 12 3 24 25 26 7 1
11 14 2 16 10 12 3 24 25 26 7 1
9 2 10 14 15 17 21 3 13 4 14 5 8 16 7 1
9 2 10 14 15 17 21 3 13 4 14 5 8 16 7 1
16 23 2 37 39 9 12 15 18 20 3 39 5 24 7 1
16 23 2 37 39 9 12 15 18 20 3 39 5 24 7 1
16 20 2 32 8 11 13 18 21 3 1
20 2 9 10 11 12 17 18 23 3 8 5 28 7 1
20 2 9 10 11 12 17 18 23 3 8 5 28 7 1
13 2 8 9 10 12 16 3 25 21 14 15 7 1
13 2 8 9 10 12 16 3 25 21 14 15 7 1
9 2 16 18 20 13 3 21 6 8 27 7 1
9 2 16 18 20 13 3 21 6 8 27 7 1
9 2 8 10 13 14 25 3 15 6 32 17 19 7 1
9 2 8 10 13 14 25 3 15 6 32 17 19 7 1
9 2 12 3 15 4 17 6 8 24 19 22 7 1
9 2 12 3 15 4 17 6 8 24 19 22 7 1
10 2 17 11 3 12 6 16 25 27 7 1
10 2 17 11 3 12 6 16 25 27 7 1
16 2 32 10 14 18 19 3 33 35 36 26 31 7 1
16 2 32 10 14 18 19 3 33 35 36 26 31 7 1
11 2 8 9 15 19 20 29 31 3 35 36 38 7 1
8 2 11 13 14 16 19 3 21 6 22 7 1
8 2 11 13 14 16 19 3 21 6 22 7 1
12 2 8 11 14 3 26 20 22 7 1
12 2 8 11 14 3 26 20 22 7 1
19 2 11 15 17 20 23 31 3 21 6 25 7 1
19 2 11 15 17 20 23 31 3 21 6 25 7 1
11 2 8 9 15 19 20 29 31 3 35 36 38 7 1
20 2 18 21 13 3 11 4 17 26 25 7 1
20 2 18 21 13 3 11 4 17 26 25 7 1
11 2 8 9 13 14 15 19 3 22 6 24 23 7 1
11 2 8 9 13 14 15 19 3 22 6 24 23 7 1
25 2 8 9 10 15 3 10 5 24 6 11 12 20 7 1
25 2 8 9 10 15 3 10 5 24 6 11 12 20 7 1
23 2 32 9 12 13 18 20 3 30 6 25 31 7 1
23 2 32 9 12 13 18 20 3 30 6 25 31 7 1
11 2 9 3 17 6 24 27 7 1
11 2 9 3 17 6 24 27 7 1
8 24 2 10 14 18 19 22 3 20 23 7 1
8 24 2 10 14 18 19 22 3 20 23 7 1
11 2 23 3 8 4 20 6 18 21 22 7 1
11 2 23 3 8 4 20 6 18 21 22 7 1
8 10 2 9 14 3 17 4 13 6 27 22 23 7 1
8 10 2 9 14 3 17 4 13 6 27 22 23 7 1
12 6 0 24 25 27 28 7 1
12 6 0 24 25 27 28 7 1
13 2 16 17 14 15 7 1
13 2 16 17 14 15 7 1
8 12 2 11 13 3 18 19 22 23 7 1
8 12 2 11 13 3 18 19 22 23 7 1
9 2 8 12 3 13 4 32 27 30 15 7 1
9 2 8 12 3 13 4 32 27 30 15 7 1
13 2 8 9 12 24 26 30 3 14 6 32 25 23 7 1
13 2 8 9 12 24 26 30 3 14 6 32 25 23 7 1
9 2 8 12 3 18 6 20 13 14 7 1
9 2 8 12 3 18 6 20 13 14 7 1
8 2 24 9 18 3 12 6 16 21 23 27 28 7 1
8 2 24 9 18 3 12 6 16 21 23 27 28 7 1
8 4 11 6 0 19 14 7 1
8 4 11 6 0 19 14 7 1
13 2 8 3 16 23 6 19 20 29 30 7 1
13 2 8 3 16 23 6 19 20 29 30 7 1
8 12 2 9 13 15 22 26 3 36 38 7 1
8 18 13 2 1
8 18 13 2 1
16 11 2 10 13 14 17 20 3 12 4 24 23 7 1
16 11 2 10 13 14 17 20 3 12 4 24 23 7 1
8 26 2 9 23 3 18 4 19 6 22 7 1
8 26 2 9 23 3 18 4 19 6 22 7 1
8 12 2 9 13 15 22 26 3 36 38 7 1
20 2 9 10 27 17 3 16 26 21 22 7 1
20 2 9 10 27 17 3 16 26 21 22 7 1
15 2 16 11 12 23 3 13 6 17 20 7 1
9 15 2 8 11 22 23 31 3 19 6 28 29 7 1
9 15 2 8 11 22 23 31 3 19 6 28 29 7 1
11 22 2 38 8 9 15 21 25 3 12 4 23 6 34 30 31 7 1
11 22 2 38 8 9 15 21 25 3 12 4 23 6 34 30 31 7 1
13 15 3 17 4 14 5 9 17 7 1
13 15 3 17 4 14 5 9 17 7 1
22 2 10 11 20 15 3 20 5 12 6 17 21 14 7 1
22 2 10 11 20 15 3 20 5 12 6 17 21 14 7 1
15 2 16 11 12 23 3 13 6 17 20 7 1
11 2 9 13 16 19 25 3 8 4 24 23 7 1
21 2 18 19 29 22 3 16 25 11 13 4 1
21 2 18 19 29 22 3 16 25 11 13 4 1
8 4 14 6 12 13 16 17 19 7 1
8 3 0 9 6 10 12 20 22 7 1
8 3 0 9 6 10 12 20 22 7 1
11 2 9 13 16 19 25 3 8 4 24 23 7 1
13 2 15 3 12 31 4 20 14 6 16 25 28 7 1
13 2 15 3 12 31 4 20 14 6 16 25 28 7 1
8 2 10 3 19 5 28 6 32 7 1
8 2 10 3 19 5 28 6 32 7 1
8 4 14 6 12 13 16 17 19 7 1
8 2 9 18 15 3 11 20 4 25 10 21 7 1
8 2 9 18 15 3 11 20 4 25 10 21 7 1
13 2 8 16 11 12 3 20 4 15 6 25 7 1
13 2 8 16 11 12 3 20 4 15 6 25 7 1
8 2 10 11 12 15 20 3 14 6 28 22 23 7 1
8 2 10 11 12 15 20 3 14 6 28 22 23 7 1
26 2 8 17 13 3 14 6 33 34 31 7 1
21 13 2 18 11 14 23 3 16 6 24 19 22 7 1
21 13 2 18 11 14 23 3 16 6 24 19 22 7 1
8 6 0 10 11 18 23 7 1
8 6 0 10 11 18 23 7 1
26 2 8 17 13 3 14 6 33 34 31 7 1
14 2 19 3 8 4 10 6 26 7 1
14 2 19 3 8 4 10 6 26 7 1
9 2 10 3 12 5 14 6 25 26 27 23 7 1
9 2 10 3 12 5 14 6 25 26 27 23 7 1
8 2 9 10 13 17 24 3 25 26 20 29 7 1
8 2 12 3 26 13 6 27 28 29 23 7 1
8 2 12 3 26 13 6 27 28 29 23 7 1
14 3 10 4 24 12 6 0 17 20 23 7 1
14 3 10 4 24 12 6 0 17 20 23 7 1
8 2 9 10 13 17 24 3 25 26 20 29 7 1
16 24 2 8 9 11 3 8 5 10 22 15 7 1
16 24 2 8 9 11 3 8 5 10 22 15 7 1
8 2 10 13 19 20 21 3 22 6 24 7 1
8 2 10 13 19 20 21 3 22 6 24 7 1
8 16 2 9 10 12 19 21 24 3 19 5 27 7 1
8 16 2 9 10 12 19 21 24 3 19 5 27 7 1
11 21 2 10 12 14 15 3 10 5 16 6 28 29 22 7 1
11 21 2 10 12 14 15 3 10 5 16 6 28 29 22 7 1
9 2 8 10 27 20 3 20 5 29 6 32 12 7 1
9 2 8 10 27 20 3 20 5 29 6 32 12 7 1
17 2 19 14 3 10 4 22 25 26 27 29 7 1
17 2 19 14 3 10 4 22 25 26 27 29 7 1
11 2 14 3 17 4 14 5 16 18 19 22 7 1
11 2 14 3 17 4 14 5 16 18 19 22 7 1
8 2 16 3 33 17 18 21 26 29 30 7 1
14 2 15 3 12 4 17 6 18 20 23 25 26 7 1
14 2 15 3 12 4 17 6 18 20 23 25 26 7 1
16 19 20 14 2 9 4 28 6 26 7 1
16 19 20 14 2 9 4 28 6 26 7 1
8 2 16 3 33 17 18 21 26 29 30 7 1
9 2 12 3 14 6 17 10 19 20 7 1
9 2 12 3 14 6 17 10 19 20 7 1
17 2 8 10 14 16 20 28 3 26 21 7 1
24 10 2 9 12 14 16 25 3 15 6 28 7 1
24 10 2 9 12 14 16 25 3 15 6 28 7 1
25 22 3 8 19 4 10 6 32 14 7 1
22 23 25 30 3 10 6 32 7 1
14 2 14 3 17 6 21 7 1
9 14 2 9 11 12 14 3 14 5 17 6 19 20 21 7 1
9 10 2 9 10 16 17 3 9 5 20 6 26 7 1
23 2 23 3 26 28 7 1
23 2 11 15 22 23 3 23 5 26 28 29 7 1
8 2 8 3 22 6 1
12 24 2 13 24 3 13 5 22 6 16 28 32 7 1
9 2 9 3 28 6 30 7 1
8 11 19 27 2 11 19 3 13 6 17 20 22 29 7 1
11 2 11 3 13 6 20 24 7 1
24 25 2 11 13 24 25 27 3 9 24 5 21 22 28 7 1
8 2 8 3 15 4 1
30 33 2 11 12 30 33 3 23 6 25 31 32 34 7 1
30 2 30 3 19 4 23 6 31 32 7 1
16 18 2 8 16 18 22 29 33 3 18 5 23 28 6 1
9 2 9 11 12 14 15 16 3 20 24 25 26 7 1
9 2 9 3 20 7 1
9 2 8 9 3 15 29 31 4 22 6 32 7 1
8 2 8 10 3 20 7 1
8 2 8 13 3 12 20 23 7 1
15 2 15 18 25 3 10 6 12 7 1
15 2 16 17 18 25 3 10 6 26 7 1
16 2 9 10 11 16 3 8 6 21 7 1
16 2 9 10 19 3 8 6 21 7 1
16 2 10 16 3 14 7 1
8 2 10 16 3 1
8 2 8 3 1
9 2 8 9 24 3 15 29 31 4 22 6 32 7 1
8 2 8 9 10 20 24 3 16 6 23 27 7 1
8 2 8 3 16 6 19 22 23 7 1
12 2 12 15 22 26 29 3 17 6 20 24 31 7 1
12 2 12 3 17 6 20 7 1
9 3 1
9 3 13 7 1
16 2 10 16 3 11 15 7 1
9 2 9 3 14 19 7 1
9 2 9 3 8 6 14 22 23 7 1
8 9 2 11 12 13 3 17 6 18 22 24 25 7 1
8 2 8 11 3 17 6 25 7 1
15 2 15 3 20 7 1
15 2 9 14 15 3 20 7 1
10 2 10 3 28 29 7 1
11 2 11 13 16 17 19 3 8 6 9 29 7 1
14 15 18 2 14 15 18 3 14 5 19 7 1
15 18 2 15 17 18 21 26 27 3 18 5 9 28 7 1
16 2 16 3 16 5 1
17 2 17 3 14 6 18 22 7 1
17 2 17 3 14 6 18 22 7 1
1
9 2 8 9 14 3 8 18 5 20 21 28 7 1
16 3 8 6 18 7 1
8 6 19 7 1
1
8 2 8 10 11 14 18 22 3 8 5 19 23 24 7 1
8 2 8 3 23 7 1
11 2 11 12 26 28 3 11 5 15 6 22 29 7 1
11 2 11 3 15 6 29 7 1
12 2 10 12 3 18 21 7 1
12 2 12 3 18 19 20 7 1
14 15 3 10 6 17 7 1
10 6 17 7 1
16 2 16 20 3 8 4 11 6 21 7 1
16 2 16 3 11 6 21 22 7 1
8 20 2 13 15 18 20 3 25 6 26 29 7 1
8 9 2 8 9 3 25 6 28 7 1
9 23 2 12 23 3 25 30 7 1
8 25 2 10 25 3 14 15 16 27 28 7 1
8 25 2 8 25 3 28 7 1
13 2 21 3 12 6 25 26 7 1
13 2 13 3 12 6 26 7 1
9 23 2 12 23 27 3 8 30 32 7 1
19 2 19 3 15 6 30 7 1
19 2 19 3 15 6 29 7 1
8 2 8 22 3 29 7 1
22 2 8 12 22 3 26 29 7 1
11 2 11 3 12 5 14 20 7 1
11 2 11 3 20 7 1
25 2 25 3 12 4 29 6 17 7 1
25 2 8 25 3 12 4 29 6 19 26 7 1
8 2 8 10 3 28 6 29 30 7 1
8 2 8 3 12 24 5 31 34 7 1
8 2 8 12 14 3 31 34 7 1
16 2 16 3 8 4 15 6 18 20 7 1
16 2 14 16 3 15 6 17 7 1
8 13 2 8 13 3 25 6 20 21 22 24 7 1
8 2 8 10 3 11 5 25 6 20 22 7 1
8 2 11 3 14 6 23 29 7 1
8 2 8 11 12 13 28 3 14 6 29 7 1
8 2 8 3 21 6 23 7 1
8 2 8 13 18 3 20 21 6 23 25 7 1
8 2 8 10 13 19 27 3 28 6 21 26 29 7 1
8 25 2 8 25 3 20 7 1
10 12 2 9 10 12 13 14 19 3 10 5 18 20 7 1
8 2 8 3 1
8 2 8 12 14 18 19 3 8 5 13 23 24 7 1
28 6 24 7 1
9 11 13 2 9 11 13 15 16 17 18 3 11 5 28 6 24 7 1
8 2 8 3 18 6 30 32 7 1
21 2 8 9 19 21 3 21 5 18 6 32 7 1
8 6 11 16 7 1
8 3 10 14 15 16 18 7 1
8 20 2 1
8 20 2 1
16 0 6 10 19 20 7 1
16 0 6 10 19 20 7 1
12 2 8 9 10 16 22 3 18 5 11 13 7 1
12 2 8 9 10 16 22 3 18 5 11 13 7 1
11 13 14 17 18 3 23 6 1
11 13 14 17 18 3 23 6 1
8 2 17 11 22 3 10 4 24 19 7 1
8 2 17 11 22 3 10 4 24 19 7 1
19 29 2 25 21 13 15 3 31 7 1
19 29 2 25 21 13 15 3 31 7 1
11 2 24 17 15 3 14 6 18 20 21 22 7 1
11 2 24 17 15 3 14 6 18 20 21 22 7 1
23 3 8 4 18 22 14 15 7 1
23 3 8 4 18 22 14 15 7 1
9 23 2 8 10 15 16 17 20 3 22 6 26 7 1
9 23 2 8 10 15 16 17 20 3 22 6 26 7 1
12 2 8 3 15 6 19 20 22 7 1
12 2 8 3 15 6 19 20 22 7 1
12 2 11 4 10 6 21 22 7 1
12 2 11 4 10 6 21 22 7 1
8 14 2 16 11 13 3 16 5 24 22 7 1
10 2 8 18 3 15 6 24 17 20 22 7 1
10 2 8 18 3 15 6 24 17 20 22 7 1
8 2 9 11 20 3 21 22 23 24 27 29 31 7 1
8 2 9 11 20 3 21 22 23 24 27 29 31 7 1
13 4 0 19 12 7 1
13 4 0 19 12 7 1
9 2 8 12 3 13 6 21 7 1
9 2 8 12 3 13 6 21 7 1
8 14 2 16 11 13 3 16 5 24 22 7 1
8 33 2 9 11 12 15 30 3 27 28 29 7 1
8 33 2 9 11 12 15 30 3 27 28 29 7 1
9 20 13 23 3 9 5 16 18 12 14 7 1
9 20 13 23 3 9 5 16 18 12 14 7 1
15 2 8 11 14 22 24 3 20 22 5 10 7 1
15 2 8 11 14 22 24 3 20 22 5 10 7 1
11 2 8 14 15 20 27 31 3 40 33 42 45 7 1
11 2 8 14 15 20 27 31 3 40 33 42 45 7 1
8 23 2 9 13 17 22 3 22 5 24 19 7 1
8 23 2 9 13 17 22 3 22 5 24 19 7 1
16 6 26 28 29 31 7 1
16 6 26 28 29 31 7 1
8 2 19 15 3 24 25 18 23 7 1
8 2 19 15 3 24 25 18 23 7 1
8 14 23 2 33 10 13 20 25 29 3 28 7 1
8 14 23 2 33 10 13 20 25 29 3 28 7 1
9 14 2 17 10 20 25 3 8 6 24 26 27 23 7 1
9 14 2 17 10 20 25 3 8 6 24 26 27 23 7 1
14 2 28 3 8 20 6 19 22 30 7 1
12 2 8 15 3 15 5 24 19 7 1
12 2 8 15 3 15 5 24 19 7 1
16 2 37 8 9 10 15 22 3 14 6 34 20 31 7 1
16 2 37 8 9 10 15 22 3 14 6 34 20 31 7 1
14 2 28 3 8 20 6 19 22 30 7 1
8 2 25 18 3 17 6 23 7 1
8 2 25 18 3 17 6 23 7 1
24 19 2 9 18 28 22 3 30 6 32 34 7 1
24 19 2 9 18 28 22 3 30 6 32 34 7 1
34 2 17 19 30 23 3 26 7 1
34 2 17 19 30 23 3 26 7 1
8 2 9 3 10 15 4 26 19 28 23 7 1
8 2 9 3 10 15 4 26 19 28 23 7 1
10 2 9 3 8 13 16 19 23 7 1
10 2 9 3 8 13 16 19 23 7 1
13 2 10 14 3 20 22 26 28 30 7 1
13 2 10 14 3 20 22 26 28 30 7 1
22 2 17 28 13 30 3 40 7 1
8 2 9 10 11 3 18 20 23 25 26 29 7 1
14 2 8 24 12 21 3 19 4 8 5 17 34 28 7 1
14 2 8 24 12 21 3 19 4 8 5 17 34 28 7 1
22 2 17 28 13 30 3 40 7 1
43 10 18 2 34 36 11 16 21 3 44 45 7 1
43 10 18 2 34 36 11 16 21 3 44 45 7 1
8 2 9 10 11 3 18 20 23 25 26 29 7 1
8 2 12 3 21 6 25 18 20 23 7 1
8 2 12 3 21 6 25 18 20 23 7 1
10 13 2 8 11 12 16 20 3 25 6 35 7 1
13 2 9 31 14 15 3 32 5 25 42 36 39 7 1
13 2 9 31 14 15 3 32 5 25 42 36 39 7 1
8 2 9 10 3 19 6 16 22 7 1
10 13 2 8 11 15 3 18 6 25 19 21 7 1
10 13 2 8 11 15 3 18 6 25 19 21 7 1
14 2 16 10 12 3 21 6 20 15 7 1
14 2 16 10 12 3 21 6 20 15 7 1
8 2 10 3 20 29 4 27 11 28 31 7 1
8 2 10 3 20 29 4 27 11 28 31 7 1
10 13 2 8 11 12 16 20 3 25 6 35 7 1
8 2 9 10 3 19 6 16 22 7 1
13 2 8 17 19 12 3 15 6 9 18 11 20 7 1
13 2 8 17 19 12 3 15 6 9 18 11 20 7 1
8 2 9 14 3 24 10 31 7 1
8 2 9 14 3 24 10 31 7 1
21 3 10 6 17 18 22 23 7 1
21 3 10 6 17 18 22 23 7 1
13 2 8 9 18 11 3 15 6 25 26 20 22 7 1
13 2 8 9 18 11 3 15 6 25 26 20 22 7 1
10 2 12 3 13 6 17 20 15 7 1
10 2 12 3 13 6 17 20 15 7 1
15 2 16 9 3 13 6 17 21 7 1
9 2 18 11 4 14 6 16 17 10 7 1
9 2 18 11 4 14 6 16 17 10 7 1
8 2 28 3 10 15 4 26 27 22 23 7 1
8 2 28 3 10 15 4 26 27 22 23 7 1
23 2 9 20 21 22 27 29 3 16 25 12 13 7 1
23 2 9 20 21 22 27 29 3 16 25 12 13 7 1
11 2 8 16 9 7 1
11 2 8 16 9 7 1
8 18 11 2 12 14 3 20 6 25 21 22 23 7 1
8 18 11 2 12 14 3 20 6 25 21 22 23 7 1
15 2 16 9 3 13 6 17 21 7 1
8 17 2 11 12 13 15 29 3 24 26 27 22 7 1
8 17 2 11 12 13 15 29 3 24 26 27 22 7 1
17 2 9 18 11 3 10 4 16 5 25 31 30 15 7 1
17 2 9 18 11 3 10 4 16 5 25 31 30 15 7 1
13 2 8 12 14 3 20 6 24 29 22 30 7 1
13 2 8 12 14 3 20 6 24 29 22 30 7 1
8 2 14 3 26 6 24 27 28 30 7 1
8 2 14 3 26 6 24 27 28 30 7 1
8 2 9 29 3 15 6 18 27 37 22 7 1
8 2 9 29 3 15 6 18 27 37 22 7 1
8 15 2 9 11 12 16 18 29 3 38 6 32 22 7 1
9 3 10 6 0 16 13 14 7 1
9 3 10 6 0 16 13 14 7 1
19 6 24 0 22 23 7 1
19 6 24 0 22 23 7 1
9 12 2 16 26 11 20 3 16 5 29 6 14 7 1
9 12 2 16 26 11 20 3 16 5 29 6 14 7 1
8 15 2 9 11 12 16 18 29 3 38 6 32 22 7 1
11 2 15 3 19 4 16 17 21 23 7 1
9 2 8 10 13 18 24 3 24 5 29 30 23 7 1
9 2 8 10 13 18 24 3 24 5 29 30 23 7 1
18 2 33 35 12 14 16 24 3 31 6 26 28 7 1
18 2 33 35 12 14 16 24 3 31 6 26 28 7 1
9 18 2 8 12 13 16 24 28 3 17 34 19 39 7 1
9 18 2 8 12 13 16 24 28 3 17 34 19 39 7 1
11 2 15 3 19 4 16 17 21 23 7 1
16 2 17 14 3 20 22 4 18 26 7 1
16 2 17 14 3 20 22 4 18 26 7 1
10 2 8 14 3 18 15 4 34 6 36 29 7 1
10 2 8 14 3 18 15 4 34 6 36 29 7 1
32 18 2 8 10 13 17 24 31 3 27 7 1
32 18 2 8 10 13 17 24 31 3 27 7 1
