8 9 10 2 9 10 11 12 3 20 23 24 7 1
8 20 2 9 11 16 20 3 21 23 24 7 1
9 11 20 2 8 9 10 13 20 25 3 14 5 21 23 24 7 1
9 13 17 20 2 8 13 17 18 22 25 3 19 4 21 7 1
9 16 2 10 12 18 20 33 3 19 4 1
24 2 18 19 21 38 3 27 7 1
15 24 2 15 21 26 38 3 1
8 9 10 2 9 10 11 14 3 23 24 7 1
24 2 10 11 14 24 26 3 28 29 7 1
8 19 28 2 8 13 20 28 3 8 11 28 5 31 6 21 7 1
8 12 28 2 8 11 12 13 15 16 23 28 3 28 5 31 6 25 7 1
12 35 2 12 15 17 23 25 26 37 3 38 40 4 30 32 34 39 7 1
12 35 2 12 17 25 26 27 35 37 3 37 5 32 34 39 43 7 1
14 2 8 10 12 14 22 24 3 28 29 7 1
8 2 8 9 16 17 3 25 7 1
8 9 16 2 8 12 13 16 20 22 3 25 7 1
19 2 11 14 18 19 3 15 22 24 7 1
8 18 2 14 18 19 3 8 5 15 20 22 7 1
13 15 2 9 13 15 19 3 30 31 32 4 20 6 1
13 14 15 2 13 15 18 19 3 9 5 20 6 36 7 1
11 12 2 9 11 12 15 3 21 22 7 1
11 12 2 9 12 16 17 3 18 21 22 7 1
23 24 2 17 19 24 25 3 26 6 31 7 1
23 24 2 8 17 24 25 3 26 6 14 31 7 1
27 31 32 2 9 16 18 27 31 32 3 38 39 43 7 1
27 31 32 2 13 20 26 27 29 30 31 32 3 21 34 5 38 39 40 7 1
11 2 9 10 11 3 8 5 21 7 1
8 10 11 2 8 11 14 24 3 21 31 7 1
8 10 11 2 8 11 16 24 3 19 20 31 7 1
12 2 13 14 3 20 7 1
14 2 12 13 14 3 20 23 7 1
8 10 15 2 8 10 12 13 3 1
8 10 17 2 8 10 12 13 18 26 3 1
8 2 10 18 19 3 21 23 7 1
11 2 10 11 14 3 21 7 1
16 18 21 3 25 27 29 7 1
9 2 8 16 18 3 25 29 7 1
8 10 12 13 17 21 26 39 3 22 23 4 42 46 7 1
13 14 17 21 2 8 10 12 13 17 18 19 20 21 28 3 22 4 37 7 1
20 2 9 10 20 3 15 6 22 7 1
20 2 9 10 12 13 14 20 3 15 6 22 7 1
8 10 2 10 18 19 22 3 21 23 7 1
8 2 11 3 12 6 14 15 23 25 7 1
11 2 9 11 18 3 12 6 14 21 25 7 1
11 12 20 24 2 9 11 20 24 25 3 10 4 26 6 27 7 1
9 2 9 11 18 20 24 25 3 10 4 26 6 1
15 21 2 9 11 21 27 3 18 4 17 7 1
15 2 8 9 15 21 23 27 3 14 18 4 17 24 7 1
29 3 18 32 33 7 1
20 2 17 20 3 15 6 18 7 1
10 11 16 2 11 15 16 20 3 21 7 1
10 11 13 14 2 10 11 13 14 3 21 23 7 1
8 2 8 9 3 31 7 1
8 9 2 8 9 11 12 13 14 17 19 20 21 23 24 3 31 7 1
8 2 10 11 3 16 27 28 7 1
8 2 8 3 16 28 7 1
8 9 29 2 10 13 29 3 18 7 1
20 2 20 3 15 6 18 7 1
10 14 2 10 14 3 8 9 4 18 6 21 22 26 7 1
10 14 2 10 14 3 8 4 18 6 25 26 7 1
15 2 11 15 3 26 6 1
12 15 2 12 13 15 18 3 26 6 30 7 1
23 2 23 24 3 9 5 41 43 7 1
23 6 24 25 7 1
20 2 12 17 19 3 23 6 24 7 1
17 4 8 5 24 26 7 1
10 27 2 8 13 21 27 3 24 26 28 7 1
11 2 11 3 15 21 6 1
12 23 25 30 2 8 12 19 20 21 23 30 31 32 3 41 43 7 1
10 2 14 15 16 17 3 22 4 12 7 1
8 2 8 9 12 13 3 11 6 17 7 1
8 2 8 9 10 12 13 3 11 6 16 17 7 1
16 18 2 16 18 28 3 9 17 7 1
14 16 2 14 18 27 30 3 9 12 17 22 7 1
8 12 2 8 9 10 12 30 3 16 6 18 32 7 1
9 12 2 8 9 12 15 22 25 30 3 16 6 18 20 7 1
9 11 2 9 11 16 26 3 15 21 6 34 7 1
9 2 9 11 13 3 16 17 4 18 7 1
9 11 13 2 8 9 10 11 13 3 17 4 18 7 1
14 2 9 11 14 3 16 6 20 24 25 26 7 1
9 13 17 2 11 13 14 16 17 19 23 3 22 4 12 20 21 7 1
9 11 2 9 13 14 17 29 3 8 5 1
9 2 9 11 13 14 3 25 6 1
11 2 10 13 14 17 21 25 28 3 32 6 35 7 1
14 2 11 14 3 32 6 1
14 2 14 3 23 7 1
13 14 15 16 3 23 25 7 1
14 2 14 3 16 6 20 24 7 1
8 12 2 8 9 12 3 19 6 21 7 1
8 12 15 2 8 9 15 3 19 6 21 22 7 1
8 12 2 8 12 14 19 22 26 30 3 23 4 31 6 32 7 1
18 2 14 18 19 20 3 8 6 10 17 7 1
18 2 14 18 20 3 18 5 8 6 9 11 23 7 1
8 17 2 8 9 13 17 24 3 18 6 23 26 7 1
8 13 22 2 10 11 17 28 3 32 7 1
12 22 2 8 12 17 19 21 22 25 28 3 32 34 7 1
8 2 8 12 26 30 3 31 6 32 7 1
26 3 18 7 1
26 2 8 25 26 3 19 7 1
18 2 11 18 3 22 7 1
11 2 10 18 26 3 34 35 7 1
14 2 8 12 14 19 3 21 22 23 7 1
8 17 3 21 7 1
8 2 8 3 18 6 23 7 1
9 10 16 2 9 13 16 18 22 3 25 6 26 27 28 32 36 7 1
16 2 16 18 19 20 22 3 25 6 34 7 1
11 19 2 9 10 11 12 18 19 3 8 15 4 13 6 20 22 7 1
11 19 2 9 11 12 18 19 3 8 15 4 13 6 20 23 7 1
15 2 15 19 3 27 7 1
15 2 15 3 1
16 2 11 16 17 25 27 3 19 20 7 1
16 22 2 16 17 27 3 1
30 2 10 30 38 3 12 16 23 24 35 37 7 1
10 3 14 6 23 39 40 7 1
14 2 8 10 11 14 18 20 3 24 7 1
8 10 11 13 14 20 3 24 7 1
9 2 8 9 10 11 12 13 14 15 17 18 3 22 4 19 6 1
9 2 8 9 10 12 15 17 18 3 22 4 19 6 1
31 32 2 8 11 17 21 29 31 32 3 9 6 1
17 32 2 8 14 17 31 32 3 19 22 24 25 28 7 1
10 2 10 11 13 15 16 17 18 19 20 21 3 29 30 31 32 33 34 35 7 1
8 9 10 15 17 19 3 31 34 35 7 1
13 2 8 9 10 12 13 16 19 23 26 3 25 31 32 33 37 38 7 1
9 13 19 21 3 25 31 32 33 34 35 7 1
12 20 21 29 2 8 12 14 17 18 20 25 27 29 3 33 6 19 24 7 1
41 2 10 11 12 18 19 25 27 46 48 3 28 4 1
8 10 18 19 20 23 25 34 3 28 32 4 11 5 33 6 1
8 10 2 8 10 12 14 15 17 18 3 20 4 25 26 27 28 30 7 1
8 10 15 18 19 3 20 4 23 6 25 26 27 30 31 7 1
11 12 14 2 11 12 13 14 17 21 3 10 4 16 23 25 7 1
14 2 11 12 14 15 17 3 10 4 16 23 7 1
16 17 18 2 8 9 10 16 17 18 24 26 3 29 6 19 20 22 7 1
17 19 2 8 17 25 27 28 3 22 4 20 6 24 26 32 7 1
13 2 17 27 3 20 6 24 32 7 1
12 20 2 12 17 20 27 29 3 33 6 19 24 7 1
8 10 2 8 10 11 19 21 3 25 26 7 1
8 10 2 8 10 11 19 21 3 25 26 7 1
11 12 2 11 26 3 21 6 23 30 7 1
11 18 2 10 11 3 21 6 27 28 29 30 7 1
16 18 2 8 9 16 17 18 26 3 29 6 19 22 7 1
12 2 14 6 15 21 24 31 7 1
8 12 2 8 9 12 13 17 3 14 6 25 7 1
9 12 2 9 10 20 21 3 27 6 29 7 1
10 12 2 10 18 21 24 3 13 23 4 14 6 22 28 31 7 1
10 24 2 10 12 21 24 3 13 4 14 6 28 31 7 1
9 10 2 9 10 12 15 17 3 8 4 23 6 25 30 33 7 1
9 12 2 9 10 12 15 21 3 8 4 23 6 26 30 33 34 7 1
8 9 10 11 13 15 16 17 18 19 24 3 22 6 23 25 26 30 33 34 36 7 1
8 10 11 18 32 3 22 6 26 30 33 7 1
9 17 2 8 9 18 20 3 27 6 29 7 1
8 2 9 10 13 20 3 18 6 22 23 24 27 7 1
8 2 8 9 17 28 3 10 6 1
8 17 27 2 10 6 1
8 2 11 21 23 24 3 18 4 30 34 7 1
11 2 11 25 26 3 18 4 30 7 1
17 19 2 8 10 24 27 28 34 37 3 39 6 1
17 2 28 32 34 3 39 6 1
8 2 8 13 16 3 14 15 7 1
11 13 2 8 9 11 16 3 14 19 7 1
9 21 2 9 3 8 6 14 18 7 1
9 21 2 9 19 21 3 8 6 14 17 24 7 1
10 2 9 12 3 25 7 1
10 2 8 9 10 3 17 18 7 1
8 9 24 2 8 9 12 24 3 13 6 21 7 1
8 11 2 8 12 23 24 3 15 4 13 6 21 26 7 1
10 2 8 14 16 3 18 6 22 27 7 1
12 2 8 9 10 12 14 3 23 6 24 7 1
11 13 2 11 13 3 22 6 25 26 30 31 7 1
11 2 11 14 19 23 3 25 26 29 30 31 7 1
8 2 8 9 12 14 3 31 33 4 20 6 26 32 38 7 1
8 12 2 8 10 11 14 17 21 3 27 31 34 4 20 6 26 28 35 37 38 7 1
8 13 2 8 9 10 13 14 15 16 17 18 19 3 20 6 21 22 7 1
8 2 8 5 20 6 21 7 1
21 2 8 14 21 3 17 4 22 7 1
21 2 12 21 3 21 5 22 7 1
8 2 12 3 23 6 24 25 26 7 1
8 2 8 11 14 26 3 18 19 20 25 7 1
9 2 8 9 10 13 16 3 11 6 14 19 21 23 24 27 28 30 7 1
8 2 8 5 11 6 18 19 30 7 1
12 2 8 12 13 3 21 4 20 22 6 31 33 7 1
12 23 3 21 4 32 6 31 7 1
8 2 8 9 3 20 4 21 25 7 1
8 2 8 9 11 12 3 25 7 1
8 2 8 3 18 20 7 1
13 4 10 6 30 31 32 7 1
18 20 2 18 20 3 13 22 4 1
9 2 8 9 10 20 3 13 22 4 1
19 24 27 2 14 16 19 20 27 30 3 1
14 16 19 2 14 16 19 3 27 5 1
18 2 8 10 12 15 18 3 20 21 22 23 24 7 1
18 2 15 18 19 3 17 21 7 1
11 3 13 4 10 6 18 25 27 32 7 1
18 3 13 6 16 19 20 21 7 1
8 12 18 3 13 6 16 19 22 7 1
9 33 2 9 15 27 33 3 21 31 36 7 1
27 33 2 9 11 15 27 33 3 21 26 31 34 36 7 1
9 2 8 9 13 16 18 20 3 24 25 26 28 29 30 7 1
9 2 9 16 3 25 29 7 1
10 2 10 15 20 3 13 6 17 23 7 1
10 2 10 16 20 3 8 9 18 4 20 5 13 6 23 7 1
11 2 8 11 15 17 18 21 3 27 7 1
11 15 16 17 19 20 3 25 7 1
8 11 14 18 19 21 23 3 20 6 26 27 28 29 30 7 1
11 21 23 3 20 6 26 7 1
8 11 2 13 14 17 21 3 18 5 27 6 28 30 35 7 1
9 2 9 10 12 19 3 20 21 24 25 26 7 1
9 2 9 12 14 16 19 3 20 21 24 25 26 7 1
9 13 2 14 18 21 3 28 4 36 39 7 1
13 15 2 12 13 15 17 21 24 3 28 29 4 30 6 36 37 38 39 7 1
9 4 8 10 6 15 18 7 1
9 4 8 10 6 15 16 17 7 1
8 2 8 3 18 5 27 6 28 35 7 1
15 18 3 1
10 13 15 29 3 14 27 30 7 1
9 13 2 9 13 18 19 3 27 6 29 30 7 1
17 2 13 14 15 17 19 22 3 21 5 27 6 29 30 31 34 35 7 1
8 21 2 9 11 17 21 24 3 26 6 1
21 24 2 8 9 10 12 15 21 23 24 25 35 3 26 6 1
11 2 10 13 17 25 3 20 6 29 7 1
9 32 2 9 11 17 19 23 32 3 22 6 27 29 7 1
8 32 2 11 12 17 19 23 25 32 3 22 6 27 29 30 34 7 1
11 18 2 11 12 15 18 3 16 20 7 1
11 18 2 10 11 12 18 3 21 7 1
14 2 14 31 3 14 5 10 6 18 7 1
14 2 14 31 3 8 4 10 6 16 19 22 24 25 32 7 1
8 9 10 11 17 3 20 6 29 7 1
18 20 7 1
8 14 15 3 24 6 18 20 21 7 1
14 16 2 8 6 19 28 7 1
16 2 11 14 15 16 3 31 7 1
16 2 9 16 3 11 16 19 20 5 35 6 1
16 2 10 11 15 16 17 19 20 3 35 6 1
37 2 37 3 14 15 16 20 4 26 6 29 7 1
12 2 10 11 12 3 22 4 21 23 7 1
12 2 22 4 21 25 7 1
22 2 11 15 20 21 22 3 8 10 13 4 19 24 7 1
22 2 22 3 17 4 19 7 1
8 2 8 13 14 20 34 3 22 6 26 28 7 1
8 2 8 20 3 22 6 27 28 7 1
37 2 9 3 10 14 15 16 20 4 26 6 29 7 1
9 14 18 21 29 2 9 14 21 23 29 30 31 32 3 1
16 17 22 2 12 16 17 21 25 3 13 6 32 36 7 1
21 2 12 17 21 22 3 13 6 31 32 40 7 1
11 2 15 17 22 23 3 26 31 33 39 4 35 6 37 41 44 47 7 1
11 2 9 12 13 14 17 23 3 26 4 35 6 1
24 2 11 14 20 24 25 30 3 18 22 26 36 37 39 7 1
11 12 15 20 27 3 18 22 33 36 7 1
9 10 11 2 9 10 11 13 14 17 25 27 3 32 33 4 22 29 5 34 6 1
9 10 11 12 13 14 15 35 3 32 33 4 34 6 21 7 1
8 2 11 18 19 21 33 3 34 36 7 1
32 2 8 32 33 3 24 30 34 35 36 7 1
9 13 21 22 26 30 32 3 1
9 11 2 9 12 14 19 27 28 30 3 34 4 21 6 31 33 7 1
9 11 13 19 28 29 3 34 4 21 6 25 31 33 7 1
8 2 8 12 13 22 23 27 3 8 5 28 6 17 25 26 7 1
8 2 8 12 13 3 28 6 9 17 25 7 1
13 2 13 3 12 17 19 7 1
13 2 13 3 16 24 26 29 7 1
10 11 13 2 8 10 11 12 13 3 16 4 10 5 14 19 6 27 28 30 7 1
10 11 2 8 10 11 13 3 16 4 14 19 6 21 30 31 7 1
8 9 2 8 9 10 11 3 19 25 27 7 1
8 2 8 3 21 5 15 17 24 26 27 7 1
14 2 9 12 14 3 18 4 16 7 1
9 2 8 9 3 24 7 1
9 2 9 13 21 3 24 25 7 1
13 2 13 15 20 3 11 4 23 6 19 29 7 1
13 2 8 13 15 20 3 11 17 4 23 6 19 28 29 7 1
11 2 10 11 12 15 3 17 19 4 24 6 29 7 1
16 2 10 11 12 16 3 17 19 4 24 6 27 29 7 1
9 10 17 24 2 9 10 17 24 3 25 6 28 7 1
11 2 11 3 15 7 1
11 2 11 13 3 12 18 7 1
8 11 2 8 10 19 3 14 7 1
8 2 8 3 18 21 7 1
14 2 9 10 12 14 3 19 21 22 24 7 1
9 12 2 9 10 12 17 25 3 20 6 31 7 1
8 12 2 9 11 18 19 25 27 3 20 6 31 33 7 1
10 24 2 10 13 15 24 3 25 6 26 7 1
10 2 11 15 16 3 22 24 6 27 28 7 1
10 16 2 10 12 17 19 3 11 12 5 22 24 6 27 7 1
11 17 2 15 17 3 27 6 33 34 38 7 1
11 14 36 2 10 15 16 17 22 3 33 6 29 7 1
16 2 10 12 16 3 33 6 29 32 43 7 1
9 3 16 7 1
8 9 10 3 8 10 5 16 19 7 1
8 21 2 8 11 21 26 3 29 30 7 1
8 21 2 11 16 21 3 29 30 31 32 7 1
14 15 26 2 14 15 3 25 6 28 7 1
9 14 26 2 9 10 11 14 16 17 18 23 26 3 25 6 27 28 31 33 7 1
11 2 11 13 16 21 23 24 3 27 6 29 32 33 34 35 36 38 39 40 7 1
14 17 2 10 11 12 14 16 17 18 19 20 3 29 7 1
14 17 19 2 10 13 14 16 17 18 19 20 3 21 29 7 1
9 11 2 9 11 3 12 13 4 14 16 20 28 7 1
17 2 9 11 17 22 23 3 17 5 18 6 14 16 20 21 7 1
11 17 19 2 17 3 18 6 10 16 20 21 7 1
8 16 2 12 14 15 16 3 17 6 18 19 21 22 26 7 1
8 2 8 11 14 15 16 3 17 6 18 19 22 26 7 1
9 19 20 23 2 9 21 22 30 3 24 6 1
9 19 20 23 2 9 21 22 30 3 24 6 1
16 2 11 15 16 18 19 24 3 25 7 1
16 2 11 15 16 18 19 3 13 25 27 7 1
10 23 2 8 10 21 23 3 21 5 17 19 22 7 1
9 2 9 11 21 23 3 12 4 21 5 17 19 22 7 1
9 11 2 9 11 3 14 16 29 32 7 1
10 2 10 12 13 15 20 21 3 23 6 1
9 12 22 2 9 12 19 22 23 3 12 5 27 30 7 1
12 2 8 9 12 22 3 27 30 7 1
8 10 16 21 3 23 6 1
10 13 21 24 2 8 10 13 14 15 21 24 3 16 17 7 1
10 2 8 9 10 11 12 13 14 21 24 27 3 16 7 1
8 10 2 8 19 20 21 28 3 20 5 13 6 15 17 24 30 7 1
8 2 8 14 28 3 13 6 15 17 24 27 30 7 1
33 2 33 3 18 19 20 23 24 4 1
33 2 33 3 29 35 36 7 1
9 22 2 9 12 15 22 3 16 4 13 20 21 7 1
12 2 9 15 22 25 3 20 21 23 27 30 7 1
18 23 2 10 13 14 17 18 23 33 3 18 5 20 27 30 7 1
18 23 2 10 18 23 33 3 15 20 27 28 31 7 1
8 2 8 3 8 5 1
8 16 2 10 12 16 18 23 28 30 36 3 28 5 33 6 34 7 1
8 2 8 9 16 17 18 23 3 33 6 34 37 7 1
27 2 8 18 27 3 8 5 11 7 1
27 2 8 10 27 3 8 5 11 12 22 25 26 7 1
14 17 2 14 17 3 13 5 21 30 7 1
17 2 8 9 11 16 17 3 30 32 7 1
9 12 2 9 12 3 21 6 25 7 1
8 12 17 2 10 12 16 17 18 3 25 26 7 1
8 11 12 13 3 24 27 29 31 7 1
9 2 9 3 25 31 7 1
9 2 9 13 16 18 20 23 3 25 7 1
16 3 24 6 26 29 7 1
16 2 10 11 16 21 3 22 4 24 6 26 29 7 1
8 2 14 3 20 6 21 41 7 1
8 27 2 8 12 24 25 27 3 20 6 21 41 7 1
10 3 19 5 13 18 6 25 26 7 1
10 19 3 13 17 18 6 25 26 28 29 7 1
11 13 16 23 3 24 6 1
13 2 8 11 13 16 3 24 6 14 7 1
15 2 15 22 3 19 4 23 6 1
14 2 12 14 15 22 30 3 19 4 13 6 1
8 9 2 8 9 15 3 17 6 19 29 7 1
9 2 8 10 12 14 3 17 6 20 28 7 1
8 26 2 8 11 26 31 3 13 32 7 1
19 2 12 19 3 8 15 22 7 1
12 19 3 16 4 8 21 7 1
8 14 2 8 13 14 3 18 4 28 29 7 1
13 2 12 14 3 18 4 28 7 1
8 26 2 8 11 22 26 27 31 3 13 15 7 1
12 2 11 12 14 20 3 26 4 1
12 2 14 15 3 26 4 13 6 1
10 2 10 18 3 13 4 21 28 30 35 7 1
10 2 8 10 13 19 3 20 6 21 7 1
8 9 2 8 9 11 13 3 24 26 28 7 1
8 2 8 3 24 26 7 1
8 21 7 1
8 27 7 1
24 2 12 22 23 3 13 5 1
21 22 26 32 2 11 12 13 20 21 22 25 26 3 1
9 2 10 16 18 27 3 13 4 20 6 28 34 7 1
10 11 12 3 18 19 7 1
10 2 12 16 3 19 20 22 7 1
13 16 2 11 13 16 17 3 14 6 18 23 7 1
13 16 2 12 13 15 16 17 3 14 6 23 28 7 1
10 13 18 2 10 11 13 19 3 20 6 21 7 1
14 2 15 16 23 3 24 6 26 28 7 1
10 23 2 8 9 12 14 16 17 3 24 6 26 27 7 1
8 10 15 2 8 10 15 3 23 6 1
8 2 10 11 14 15 16 20 3 23 6 1
9 11 18 2 8 9 10 11 13 18 3 17 6 35 7 1
11 14 2 11 14 26 28 29 3 17 6 31 7 1
14 15 2 10 11 12 14 15 28 3 23 6 32 7 1
11 12 20 2 10 11 15 17 20 29 3 33 6 1
9 2 9 14 15 30 3 22 4 30 5 33 6 32 7 1
14 15 19 2 11 14 15 19 3 28 7 1
11 2 11 34 3 15 26 7 1
9 11 2 9 11 31 34 3 18 20 26 33 7 1
14 15 2 8 10 11 15 18 21 3 23 6 25 30 7 1
10 11 16 2 11 16 19 23 3 18 6 31 7 1
11 16 2 11 16 17 19 20 3 18 6 30 31 33 34 7 1
12 13 14 15 17 23 3 19 26 27 7 1
12 2 8 10 12 13 15 17 23 3 19 21 25 26 27 7 1
15 2 11 14 3 27 28 7 1
11 12 15 18 2 8 10 12 14 15 17 18 29 3 25 26 28 30 31 7 1
12 15 2 12 13 14 19 3 23 6 25 28 30 7 1
8 26 2 8 9 26 3 11 12 7 1
11 24 2 8 10 11 21 24 3 28 6 19 30 31 7 1
24 2 8 9 10 11 21 23 24 29 3 28 6 19 31 7 1
19 21 2 9 19 21 3 18 6 24 25 7 1
21 2 8 9 19 21 3 18 6 17 23 24 25 28 7 1
8 2 8 9 10 26 32 3 11 12 14 20 21 23 31 7 1
10 24 2 10 16 27 28 31 3 42 4 46 47 7 1
13 15 2 10 12 16 17 18 19 26 27 31 36 3 42 4 46 47 7 1
19 2 10 14 16 19 3 23 24 25 7 1
8 2 9 10 11 13 16 19 20 3 11 15 5 23 24 25 7 1
8 9 2 8 9 17 3 23 24 25 7 1
8 2 8 10 11 12 13 26 3 29 4 43 44 47 7 1
8 11 2 8 10 11 12 14 18 25 30 40 3 38 39 43 44 45 46 47 7 1
8 10 12 14 16 17 3 22 6 23 7 1
8 11 12 14 16 17 3 22 6 23 24 25 7 1
8 9 19 2 8 9 15 17 19 3 23 25 26 7 1
10 2 10 3 11 6 16 7 1
10 3 11 6 12 13 18 19 20 7 1
15 3 11 4 8 6 18 25 26 7 1
14 15 3 18 19 23 26 7 1
8 2 8 10 19 20 22 31 3 30 7 1
8 20 2 8 11 20 26 3 18 21 7 1
8 20 2 8 20 28 3 18 21 7 1
8 11 17 3 13 14 15 18 7 1
8 11 19 22 3 13 14 7 1
8 14 2 8 11 12 14 3 22 7 1
12 19 2 12 19 20 3 22 7 1
8 2 8 9 10 11 15 19 26 31 3 30 7 1
14 23 31 2 10 13 14 21 22 30 3 15 6 35 7 1
8 10 2 8 9 10 3 26 6 15 21 7 1
10 2 9 10 3 26 6 15 21 7 1
8 2 8 3 17 6 21 7 1
15 2 11 15 16 25 3 9 5 22 24 7 1
15 19 23 2 8 15 23 25 29 30 3 22 24 7 1
23 24 31 2 8 24 30 3 15 6 34 7 1
20 2 26 3 16 6 15 22 25 7 1
26 2 8 10 26 3 16 6 15 19 22 7 1
10 2 10 3 16 22 4 23 28 29 7 1
8 9 2 8 9 10 11 3 23 28 29 7 1
11 2 11 3 17 21 7 1
11 2 11 15 3 15 5 1
8 2 8 3 21 24 7 1
11 2 11 3 24 6 1
19 2 11 13 15 3 24 6 29 7 1
11 2 8 11 14 15 25 3 28 33 6 22 31 34 7 1
8 2 8 11 15 25 3 28 33 6 27 31 7 1
19 35 2 15 35 3 37 4 30 32 36 7 1
9 15 35 2 9 19 35 3 30 36 7 1
8 2 8 10 27 3 33 6 43 7 1
8 28 2 8 11 17 21 27 28 3 33 6 39 43 44 7 1
12 2 12 3 23 25 26 7 1
9 12 2 9 10 11 13 16 22 28 3 23 25 26 27 7 1
10 2 10 11 3 12 6 1
10 2 8 10 21 3 12 6 15 16 26 7 1
11 21 2 11 21 22 3 15 6 39 7 1
21 2 8 9 11 14 21 22 24 27 3 26 31 32 36 39 7 1
9 14 2 14 25 3 18 4 30 31 32 7 1
14 17 2 8 9 11 14 16 17 25 3 18 4 30 32 7 1
8 28 2 9 12 28 3 21 6 26 30 33 7 1
9 28 2 9 11 28 3 21 6 26 29 31 32 7 1
8 2 8 11 15 19 25 3 26 37 41 7 1
11 12 23 2 11 12 19 22 23 3 17 26 37 41 7 1
1
9 10 11 13 14 19 24 3 1
8 9 3 17 18 7 1
8 2 8 9 11 3 15 4 17 18 19 7 1
29 2 14 15 29 3 11 6 17 21 7 1
17 2 8 14 17 21 26 3 36 7 1
13 2 8 10 13 14 17 21 23 26 27 31 3 35 36 7 1
10 11 3 24 6 14 15 22 7 1
9 10 11 18 3 14 15 21 22 23 7 1
14 2 8 15 3 11 6 17 18 21 23 27 7 1
23 2 18 20 23 24 3 15 31 36 7 1
23 2 18 23 24 3 15 28 31 36 7 1
8 15 24 2 15 3 13 14 20 7 1
15 21 2 8 11 15 3 28 6 13 19 20 7 1
11 2 9 11 3 12 16 17 19 21 24 7 1
10 2 9 10 11 3 25 6 26 28 7 1
10 2 10 12 13 15 21 3 25 6 26 27 7 1
8 10 11 13 3 22 7 1
22 7 1
8 2 8 3 34 7 1
8 2 8 25 26 3 1
10 12 13 3 14 6 16 22 7 1
10 2 14 6 19 22 7 1
9 11 2 9 11 3 16 17 21 7 1
12 2 11 12 14 3 15 6 16 25 35 7 1
8 12 2 15 6 16 18 40 7 1
8 2 8 15 3 19 33 7 1
8 2 8 11 3 21 28 33 7 1
8 25 2 8 12 25 3 13 6 17 18 19 7 1
8 12 25 2 11 25 3 13 6 18 26 7 1
10 2 8 10 21 28 35 3 29 31 7 1
10 2 10 3 29 31 7 1
9 11 2 9 11 13 19 28 3 15 6 16 17 18 7 1
9 2 9 3 15 6 16 18 33 7 1
11 12 19 20 23 2 9 11 12 15 23 26 27 3 10 6 31 7 1
10 13 2 8 10 12 13 3 8 5 14 17 23 7 1
8 2 10 12 3 14 17 7 1
13 2 9 10 13 16 3 9 5 21 22 7 1
9 2 9 13 16 3 22 7 1
23 2 11 12 15 17 23 3 10 6 31 7 1
9 12 2 9 12 31 3 12 5 19 20 7 1
12 2 8 12 15 31 3 12 5 19 20 36 7 1
8 2 8 15 21 3 12 17 28 7 1
8 2 8 3 12 17 18 28 7 1
8 10 17 2 8 10 11 12 17 20 22 3 11 5 26 6 31 32 7 1
9 14 2 9 14 18 20 32 33 3 8 6 26 30 31 36 7 1
9 32 2 9 32 34 3 8 6 26 30 7 1
9 2 9 11 22 3 9 5 13 6 17 23 31 33 7 1
9 2 8 9 11 3 13 6 17 23 31 33 7 1
8 10 2 8 10 11 12 3 26 6 32 7 1
9 2 10 12 22 24 3 23 6 21 25 7 1
12 13 2 12 13 3 23 6 21 7 1
9 14 15 2 9 14 15 25 28 3 22 7 1
9 11 14 15 2 9 11 14 15 25 28 3 22 7 1
9 2 10 3 36 39 7 1
9 2 10 3 38 39 7 1
9 10 12 3 8 6 22 7 1
11 2 9 10 11 3 15 4 8 6 22 7 1
11 2 24 3 25 7 1
24 2 8 24 3 20 4 25 7 1
12 16 2 8 9 10 11 12 15 16 3 17 18 7 1
12 16 2 12 16 19 3 1
8 2 11 15 19 3 9 12 22 4 25 30 7 1
8 6 12 14 15 17 7 1
8 6 12 13 15 20 7 1
12 2 12 25 3 13 4 9 26 7 1
10 12 18 3 13 4 8 6 17 7 1
8 14 22 2 8 14 15 22 3 14 5 21 25 30 31 7 1
14 2 11 14 22 3 14 5 18 19 21 25 29 7 1
11 15 26 3 9 12 22 4 25 30 31 7 1
9 15 3 8 5 18 22 27 7 1
10 13 2 10 11 15 22 23 25 3 10 5 27 6 20 28 29 7 1
10 2 10 15 16 26 3 27 6 19 20 21 28 29 7 1
16 2 17 18 19 21 22 24 28 3 29 7 1
16 18 24 28 30 31 3 8 6 10 23 29 7 1
9 11 2 8 9 11 12 14 23 31 32 3 9 12 22 23 5 27 6 29 7 1
9 10 2 9 11 22 3 9 5 26 27 6 29 30 33 7 1
8 2 8 9 3 13 6 17 18 7 1
11 16 19 3 18 21 22 7 1
11 14 16 19 3 10 13 6 18 21 22 24 7 1
10 11 12 15 3 16 6 17 19 21 24 26 27 7 1
23 24 2 23 24 26 3 14 4 45 7 1
21 24 28 3 11 12 14 4 31 32 34 45 7 1
8 9 15 3 12 13 6 17 18 20 7 1
8 18 31 2 8 15 19 21 22 26 31 40 3 20 6 25 34 38 7 1
8 15 19 26 28 31 40 3 20 27 6 25 30 34 38 7 1
8 9 18 2 9 14 15 18 33 3 22 23 25 31 7 1
8 2 9 18 29 33 3 22 7 1
9 16 21 22 2 8 9 10 11 21 22 24 3 26 4 9 5 23 6 18 7 1
21 2 8 14 16 21 22 3 26 4 23 6 18 19 7 1
17 2 8 10 11 17 3 19 6 9 14 23 25 7 1
8 2 8 12 13 17 3 14 4 15 6 26 7 1
17 2 8 9 17 3 14 4 15 6 26 7 1
13 14 2 10 13 14 19 26 3 16 20 4 21 27 28 7 1
13 14 2 8 9 10 14 26 3 16 20 4 21 22 24 25 7 1
13 16 2 8 9 10 14 16 3 18 26 32 33 39 7 1
13 2 8 13 3 18 23 27 32 37 39 40 7 1
17 2 12 16 17 3 19 6 9 14 18 7 1
10 2 9 10 3 19 6 29 7 1
10 12 29 3 31 32 34 7 1
10 17 18 2 9 10 18 29 3 15 23 27 34 7 1
12 19 3 32 34 7 1
18 2 8 10 12 3 30 32 7 1
8 2 8 12 19 22 24 3 1
20 7 1
10 15 2 8 9 13 15 16 24 3 19 6 26 7 1
11 18 2 9 11 18 3 17 26 7 1
11 18 2 11 18 3 16 26 7 1
15 2 17 3 8 6 16 22 7 1
8 6 10 16 21 22 7 1
10 2 10 17 3 8 16 24 7 1
11 2 10 3 8 7 1
10 2 14 22 3 23 6 25 7 1
10 2 10 3 23 6 24 25 29 7 1
9 2 8 9 14 15 27 3 35 6 36 7 1
9 2 9 3 35 6 36 7 1
8 9 10 12 17 20 28 3 27 30 7 1
17 20 2 18 22 40 7 1
11 2 11 26 3 10 12 17 7 1
11 2 11 3 22 6 23 25 27 28 7 1
16 2 11 12 14 16 3 13 6 18 21 22 23 24 25 7 1
16 2 11 16 3 13 6 18 23 24 25 7 1
16 20 22 24 28 3 30 7 1
28 2 25 27 7 1
10 11 21 2 10 11 13 21 22 3 14 27 7 1
10 21 2 10 11 21 3 14 16 27 28 7 1
12 14 2 8 11 12 14 19 26 3 10 6 15 17 18 20 23 25 29 31 7 1
8 2 8 10 16 17 3 30 31 36 38 7 1
8 2 8 15 26 3 36 7 1
16 2 9 10 11 12 15 16 18 21 22 23 3 26 28 29 30 7 1
16 2 10 11 16 17 18 21 23 24 27 3 26 30 31 7 1
8 12 14 2 8 11 12 13 14 26 3 10 6 23 25 29 7 1
8 2 8 13 17 18 22 3 1
8 2 8 9 13 14 20 3 1
8 2 8 9 19 3 12 15 17 4 20 21 7 1
8 2 8 9 19 3 20 7 1
8 2 9 10 12 13 17 3 20 21 7 1
8 9 11 2 8 9 12 3 21 7 1
10 14 2 11 13 14 19 35 3 1
10 2 9 10 11 14 15 16 33 34 35 3 1
23 2 10 12 20 23 3 24 30 7 1
9 11 12 15 2 9 10 12 15 19 21 3 24 26 7 1
8 9 10 11 15 19 21 3 24 7 1
10 11 23 2 8 9 10 11 19 23 36 3 33 6 32 34 35 7 1
11 12 2 8 9 11 12 13 19 3 33 6 32 34 35 7 1
8 21 2 8 9 10 17 20 21 3 8 5 14 16 18 7 1
8 2 8 12 17 3 8 5 14 15 18 23 7 1
23 2 10 12 23 37 3 22 6 11 15 24 38 7 1
11 2 9 13 3 11 5 10 6 14 18 7 1
8 10 14 2 8 14 18 27 3 22 6 24 31 7 1
8 9 14 16 18 28 3 22 6 24 31 32 7 1
8 2 8 18 32 36 37 3 8 5 21 31 7 1
8 2 8 36 3 21 22 23 25 26 31 33 7 1
10 37 2 10 21 37 3 11 5 20 28 7 1
12 14 31 37 3 28 39 7 1
11 14 2 11 12 13 14 3 16 7 1
11 2 11 3 10 6 18 19 22 24 7 1
10 2 9 10 11 3 15 6 17 22 7 1
10 2 8 10 11 3 15 6 17 19 20 22 23 7 1
20 2 11 18 20 21 3 22 6 19 7 1
8 2 8 11 20 21 3 20 5 22 6 19 23 7 1
9 13 22 2 9 13 17 18 22 3 24 6 26 27 7 1
9 2 15 17 18 21 3 24 6 16 25 27 7 1
8 16 21 2 8 16 21 3 21 5 15 22 7 1
8 9 21 2 19 20 21 3 15 22 24 7 1
8 13 2 13 18 3 16 17 7 1
13 14 2 8 13 14 21 3 24 25 7 1
14 2 8 14 21 23 3 24 25 7 1
8 2 8 10 3 22 6 20 21 24 7 1
8 2 8 3 22 6 19 20 21 25 7 1
11 19 24 32 33 3 34 6 1
32 2 11 14 32 3 1
11 16 2 11 16 3 16 25 5 20 6 23 7 1
11 16 2 11 15 19 3 16 25 5 20 6 26 27 7 1
11 14 15 2 11 14 15 3 20 4 8 6 13 7 1
11 2 11 3 14 5 8 6 9 13 7 1
10 28 2 10 11 28 3 29 6 19 27 7 1
28 2 10 11 28 3 29 6 19 25 30 7 1
8 11 18 2 8 11 18 19 26 27 3 22 23 7 1
8 18 2 8 11 18 3 22 23 33 7 1
10 2 13 14 15 3 11 6 17 23 7 1
10 16 2 10 14 16 3 23 27 7 1
19 20 2 18 19 20 21 3 9 6 12 25 28 33 7 1
20 21 2 20 21 3 29 4 8 6 12 33 7 1
36 2 9 13 15 36 37 38 3 40 7 1
36 2 8 9 13 34 36 37 38 3 40 7 1
11 2 11 17 3 23 7 1
11 2 9 10 11 3 13 18 21 23 24 25 27 7 1
13 19 21 2 13 19 28 3 27 7 1
13 18 19 2 12 13 16 17 18 19 28 3 22 24 26 4 27 29 7 1
8 27 2 8 16 19 27 3 21 22 4 25 26 30 7 1
35 2 8 9 13 21 22 23 35 3 33 36 7 1
21 2 21 22 25 3 36 7 1
20 7 1
11 16 7 1
14 15 2 14 15 3 19 20 24 7 1
15 2 14 15 3 9 13 19 20 26 28 29 7 1
9 27 2 9 10 12 13 14 16 18 19 27 3 27 5 25 26 30 7 1
8 16 19 38 2 8 13 16 17 18 19 3 32 6 31 7 1
10 2 9 10 3 1
10 11 26 2 10 12 13 26 3 23 6 28 32 7 1
26 2 12 13 19 26 3 23 6 25 28 30 32 7 1
13 17 18 2 13 15 16 17 18 3 20 6 22 24 28 7 1
13 17 18 2 8 12 13 15 16 17 18 21 3 20 6 24 25 28 7 1
8 19 38 2 8 10 12 13 14 17 18 19 23 3 8 5 32 6 31 35 43 7 1
10 2 9 10 12 13 3 28 7 1
8 12 2 8 12 15 3 17 6 20 7 1
8 12 2 8 12 15 16 3 17 6 18 19 7 1
9 11 20 2 8 9 11 12 15 17 20 27 30 3 26 29 7 1
9 10 11 20 2 8 9 10 12 15 16 18 20 27 30 3 22 4 26 29 7 1
10 20 2 9 11 20 3 18 6 32 7 1
10 2 9 11 20 21 35 3 18 6 25 26 29 34 7 1
8 13 2 8 12 13 24 3 17 6 23 27 28 29 7 1
8 10 12 13 2 8 10 12 13 30 3 13 5 17 6 18 27 29 7 1
10 15 19 2 16 21 28 7 1
10 12 14 19 22 3 21 26 7 1
8 9 2 8 9 10 11 20 32 3 24 6 28 7 1
8 2 8 13 14 15 16 17 19 22 32 33 3 24 6 28 29 35 38 40 42 7 1
8 9 14 18 2 9 11 13 14 18 3 12 5 22 7 1
9 18 2 9 18 3 22 7 1
17 2 8 9 15 17 3 24 25 26 29 7 1
9 2 9 3 9 5 26 7 1
22 2 19 22 36 3 8 4 15 20 30 7 1
9 14 15 35 3 28 29 34 7 1
8 2 23 27 32 7 1
8 9 2 8 9 10 16 17 27 3 24 26 7 1
8 2 8 3 24 26 31 7 1
10 23 2 10 14 24 25 3 28 29 31 7 1
10 2 10 3 26 28 29 7 1
19 3 8 11 4 17 7 1
13 16 2 14 16 24 26 3 28 6 25 33 37 7 1
14 2 14 3 28 6 25 7 1
11 12 14 2 9 11 14 16 18 3 20 6 24 27 30 7 1
20 6 27 30 7 1
8 9 12 13 27 29 31 38 3 22 4 19 6 23 26 37 39 40 41 42 7 1
17 2 12 14 17 31 3 8 19 21 29 7 1
17 2 17 3 8 16 19 30 7 1
9 31 2 9 13 16 31 3 29 30 34 7 1
9 2 9 3 34 7 1
8 2 8 10 12 14 16 3 20 6 26 7 1
8 11 13 2 8 9 13 18 3 20 6 23 25 26 30 7 1
31 2 8 12 31 3 19 6 26 33 37 7 1
9 31 2 9 11 16 31 3 23 6 24 27 7 1
9 31 2 9 10 11 16 18 29 31 3 23 6 27 34 7 1
10 2 10 13 14 3 31 6 45 7 1
8 2 8 9 10 25 26 3 1
8 2 8 10 13 14 19 20 3 29 30 31 4 1
9 15 2 8 17 20 21 27 30 34 3 36 7 1
9 15 2 8 9 15 17 26 30 34 3 1
10 2 10 12 13 14 16 3 31 6 32 34 39 41 43 45 7 1
13 22 2 10 11 18 22 3 34 6 21 27 35 36 7 1
19 2 8 14 18 19 27 29 31 45 3 15 6 44 7 1
8 2 8 19 20 24 26 29 45 3 15 6 44 7 1
26 43 2 9 18 26 39 44 3 1
20 2 10 20 27 31 33 36 39 40 3 1
9 2 8 9 14 3 11 6 22 7 1
14 2 8 14 3 19 4 11 6 22 7 1
12 29 2 8 12 15 16 19 20 29 3 21 6 26 30 7 1
8 17 2 8 15 17 3 21 6 26 27 7 1
11 2 22 33 3 34 6 27 31 35 7 1
8 2 8 9 11 20 31 34 37 3 26 6 22 7 1
8 33 34 2 8 10 11 20 33 34 35 3 26 6 22 7 1
11 3 8 5 18 19 21 7 1
10 3 18 7 1
13 22 26 3 11 6 15 20 7 1
11 6 15 16 17 7 1
8 2 8 11 12 13 3 28 7 1
8 16 2 8 10 12 16 3 18 20 23 7 1
8 11 2 8 11 14 17 18 33 3 13 4 39 7 1
9 2 9 11 12 3 15 6 16 18 21 7 1
9 2 9 11 12 3 15 6 16 18 21 7 1
16 2 16 3 8 6 15 7 1
16 3 8 6 12 14 7 1
25 2 13 17 25 3 26 28 7 1
25 2 17 25 3 21 26 28 7 1
8 2 8 11 3 13 4 37 39 7 1
14 15 17 7 1
14 15 16 17 7 1
8 2 10 16 19 3 17 18 22 28 7 1
13 2 13 19 3 17 7 1
13 27 32 2 10 12 13 27 32 3 28 4 33 35 7 1
27 2 13 15 27 3 28 4 33 34 7 1
15 33 2 9 14 15 24 28 29 33 3 10 33 5 1
8 2 8 3 21 6 22 28 7 1
9 11 16 19 23 3 21 6 22 24 26 28 7 1
10 29 2 10 29 3 23 7 1
9 28 2 9 28 3 29 6 20 7 1
9 28 2 8 9 10 18 28 3 29 6 20 23 27 30 31 7 1
8 2 8 3 20 6 15 7 1
8 2 8 10 16 3 23 4 18 5 20 6 15 27 31 7 1
9 33 2 9 14 33 3 23 33 5 1
10 2 8 10 12 3 23 30 7 1
13 2 13 3 23 24 27 7 1
9 10 13 17 3 11 6 23 24 25 26 27 7 1
10 28 2 10 28 3 18 19 4 35 7 1
10 2 8 9 12 13 15 16 23 24 27 3 33 35 7 1
23 37 2 12 23 37 3 31 6 1
12 37 2 9 12 13 14 16 37 3 38 4 31 6 1
9 2 9 3 17 4 20 6 24 7 1
9 10 11 29 32 3 16 4 20 6 24 25 7 1
11 2 11 3 19 20 7 1
11 13 15 24 32 3 19 20 25 26 34 7 1
10 2 10 3 28 7 1
10 2 10 11 14 17 21 29 36 3 32 33 35 37 7 1
24 34 2 8 9 19 24 27 34 3 21 5 33 7 1
24 34 2 8 30 32 34 3 33 7 1
16 6 21 29 7 1
8 9 18 3 16 6 21 23 27 29 31 7 1
9 15 2 9 10 15 19 3 41 43 7 1
9 15 2 9 10 15 19 23 3 26 27 4 41 42 43 7 1
10 15 25 2 10 24 26 27 3 12 6 16 7 1
10 19 24 2 15 24 25 26 27 3 8 5 12 6 13 16 20 7 1
8 9 10 14 20 2 8 9 11 14 19 21 32 33 3 14 5 13 27 34 7 1
8 10 11 24 2 8 10 11 14 16 20 24 3 24 5 23 26 7 1
13 24 2 13 14 16 19 20 24 3 17 4 23 27 7 1
9 10 12 13 2 11 12 13 17 22 3 12 5 18 6 24 25 28 30 31 7 1
11 12 13 17 2 10 11 12 13 17 3 18 6 21 24 30 31 7 1
10 17 2 9 11 16 17 3 19 7 1
10 17 2 8 10 16 17 3 19 25 7 1
8 14 2 8 14 18 21 32 33 3 27 34 7 1
9 2 9 10 15 3 22 25 7 1
8 9 14 2 9 10 14 3 30 36 7 1
8 2 9 16 3 26 39 7 1
9 2 9 15 25 3 26 28 29 31 7 1
11 13 2 12 13 14 18 20 3 26 6 28 33 36 37 7 1
11 2 13 20 3 26 6 32 33 37 38 7 1
11 24 27 29 2 11 13 17 24 27 3 16 6 8 19 7 1
11 12 29 2 9 11 12 17 25 27 3 16 6 8 20 23 26 7 1
14 2 10 14 3 12 4 14 5 19 20 23 7 1
14 2 10 14 3 20 25 7 1
15 22 29 2 15 21 24 29 3 8 15 5 37 39 7 1
12 2 12 3 15 17 7 1
11 13 2 11 13 3 24 28 38 7 1
8 11 13 2 8 9 13 14 15 40 3 26 27 28 30 37 7 1
8 2 8 13 23 24 29 32 3 31 33 36 7 1
29 2 29 3 31 33 7 1
15 2 15 21 24 3 18 30 36 40 42 7 1
8 11 12 3 15 22 7 1
10 2 10 3 8 6 17 18 7 1
10 2 10 11 15 3 8 6 13 14 17 18 19 20 7 1
8 2 8 3 12 6 17 18 20 7 1
8 2 8 10 11 3 12 6 15 16 17 18 19 20 22 24 7 1
29 31 2 15 20 23 34 35 3 25 42 7 1
10 2 10 3 14 6 17 18 20 7 1
26 2 8 9 11 14 26 3 17 18 19 7 1
8 10 14 26 3 17 18 19 22 7 1
18 26 27 29 2 10 15 18 26 29 3 31 6 13 30 35 7 1
26 2 10 12 18 19 26 3 11 31 6 30 33 35 7 1
29 2 10 11 13 15 22 23 29 33 38 3 42 7 1
12 13 14 27 2 8 12 13 14 16 22 23 27 3 26 6 29 30 31 7 1
12 27 2 8 11 12 13 15 20 21 22 24 27 3 26 6 29 30 31 7 1
10 12 3 14 6 17 18 22 25 7 1
15 17 18 2 8 9 11 13 15 17 18 24 3 35 6 1
15 2 9 11 13 14 15 17 18 22 24 3 16 30 4 35 6 29 7 1
23 35 2 9 22 23 33 37 3 1
8 14 2 8 14 18 27 3 20 22 7 1
8 2 8 15 18 3 9 6 12 20 22 7 1
14 2 14 18 3 15 21 30 33 7 1
14 2 14 18 3 8 6 9 15 21 22 25 31 7 1
23 27 32 39 2 10 12 14 23 30 33 39 45 3 1
8 9 11 12 13 16 17 2 8 11 16 17 3 18 6 20 26 7 1
11 2 8 9 11 13 3 18 6 24 7 1
8 12 2 8 10 12 13 3 17 22 7 1
8 2 10 3 17 28 7 1
10 2 10 16 19 21 24 3 8 4 28 32 7 1
10 2 10 13 27 3 12 15 17 4 20 28 6 22 7 1
8 2 10 11 3 12 15 17 23 4 28 6 22 25 7 1
9 26 28 29 3 20 6 1
29 2 21 26 28 29 3 20 6 23 7 1
9 11 13 14 2 8 9 11 13 18 3 20 21 7 1
9 2 8 9 12 18 3 20 21 7 1
15 2 15 3 13 26 7 1
15 2 15 3 13 26 27 7 1
19 2 10 16 19 21 24 3 13 25 28 7 1
8 2 8 20 23 31 3 1
8 2 13 23 3 1
24 2 12 24 3 10 7 1
24 2 9 12 13 22 24 3 10 7 1
9 2 8 9 12 14 3 29 34 7 1
8 9 11 18 3 29 7 1
8 2 15 28 33 34 3 19 21 4 32 37 7 1
8 2 10 11 18 28 30 33 3 19 4 27 5 29 38 40 7 1
9 2 8 9 13 3 11 19 21 25 7 1
9 2 9 26 27 3 18 19 24 25 29 7 1
8 2 8 10 13 17 20 3 22 7 1
8 2 9 10 11 13 17 20 3 22 26 28 7 1
16 2 14 16 20 3 18 21 7 1
18 2 11 16 27 30 3 15 7 1
18 2 11 16 18 3 23 29 7 1
13 18 2 8 11 13 18 3 18 5 14 15 7 1
13 18 2 8 12 13 18 3 14 19 22 7 1
9 12 2 9 10 12 3 15 21 24 7 1
12 2 8 9 14 3 15 20 21 23 24 7 1
14 15 2 9 12 14 15 20 3 19 25 26 7 1
15 2 12 14 15 20 3 18 4 17 19 25 26 7 1
8 2 8 3 22 6 25 7 1
8 9 3 12 13 15 4 22 6 25 28 7 1
16 2 14 16 20 3 9 4 21 23 7 1
8 2 10 35 3 27 5 14 18 21 23 25 7 1
9 10 16 2 9 16 3 8 5 1
9 12 2 9 10 12 3 18 21 7 1
8 12 2 8 9 10 12 3 18 19 21 7 1
8 15 2 9 12 15 16 22 3 39 42 7 1
8 38 2 9 10 12 17 19 20 22 38 3 33 4 39 40 42 7 1
8 27 2 8 10 27 34 3 15 26 4 14 16 18 21 25 29 32 33 7 1
9 2 9 10 17 3 1
12 2 11 12 17 3 25 6 31 7 1
12 2 12 3 25 6 27 7 1
11 13 2 8 10 11 13 15 3 18 7 1
11 2 11 3 22 7 1
15 2 15 3 32 33 34 7 1
18 2 11 12 13 14 15 18 3 32 7 1
8 9 2 8 9 3 13 4 29 7 1
13 16 23 24 4 29 7 1
9 17 2 9 11 17 3 10 7 1
17 2 9 17 3 12 14 7 1
8 9 27 2 8 9 23 27 3 27 5 16 25 26 28 7 1
9 2 9 22 23 27 3 16 25 26 7 1
20 2 20 21 22 24 3 32 7 1
23 2 23 3 13 4 32 7 1
20 2 13 18 20 21 24 25 3 1
10 13 20 2 13 18 20 3 1
9 2 9 12 15 3 16 17 7 1
9 2 9 15 3 16 7 1
11 24 2 8 11 24 3 8 5 20 21 7 1
24 2 8 11 24 3 20 21 22 7 1
13 20 2 11 14 17 18 20 26 3 30 6 19 22 24 7 1
16 17 2 11 14 17 18 20 26 3 23 7 1
11 14 18 7 1
13 7 1
20 2 8 9 12 18 20 3 13 24 25 7 1
11 3 24 7 1
22 2 10 11 13 22 30 3 25 26 27 28 7 1
22 2 11 13 18 21 22 3 25 26 27 7 1
10 17 2 10 14 15 17 3 18 20 22 23 24 27 28 29 7 1
9 2 10 14 3 20 7 1
9 2 9 13 3 17 21 22 24 7 1
9 2 9 3 21 22 23 24 7 1
8 3 10 21 4 24 27 28 7 1
8 7 1
8 7 1
9 11 2 9 11 12 20 21 3 33 4 19 5 32 34 7 1
9 2 9 3 31 33 4 19 5 32 7 1
12 15 24 2 8 9 12 15 16 18 24 3 1
10 2 8 15 24 3 1
8 3 10 4 24 28 31 32 7 1
10 2 8 13 18 28 32 3 30 31 34 7 1
10 2 10 27 28 3 9 14 4 30 34 7 1
10 2 10 12 15 21 25 3 26 7 1
8 2 15 3 26 7 1
20 2 8 10 11 12 14 20 3 15 16 21 23 25 7 1
16 23 7 1
8 12 16 20 3 11 15 18 23 7 1
16 20 22 3 18 23 7 1
8 12 2 8 12 3 17 18 19 7 1
8 11 2 8 9 12 15 16 3 17 18 7 1
9 15 2 9 10 15 18 19 20 27 3 8 11 15 5 17 22 24 26 29 7 1
11 19 20 3 11 5 17 25 26 29 7 1
8 12 3 14 6 16 23 24 7 1
8 12 3 14 6 16 7 1
8 2 8 10 14 19 20 23 3 28 31 32 7 1
9 10 2 11 14 23 27 3 31 32 7 1
11 2 11 3 26 6 18 27 29 7 1
11 2 11 20 21 25 3 26 6 18 7 1
20 2 8 10 11 29 3 27 6 31 35 7 1
10 2 9 10 12 3 15 24 7 1
9 14 2 8 9 10 14 3 15 24 7 1
12 19 2 8 10 11 25 3 30 4 35 7 1
8 2 12 19 27 3 29 6 31 32 7 1
8 12 2 8 9 12 3 31 32 7 1
10 2 10 3 30 6 32 7 1
10 2 8 10 21 3 30 6 32 7 1
12 2 9 12 3 14 6 19 7 1
8 11 24 2 8 11 24 3 29 7 1
8 2 8 11 24 3 29 7 1
8 2 9 10 13 15 3 26 27 7 1
9 2 15 3 19 6 27 7 1
8 2 8 12 17 3 18 4 1
8 2 8 3 1
19 2 8 11 20 3 12 4 24 6 1
19 2 9 11 19 20 27 3 16 24 6 1
12 2 9 12 20 3 14 6 8 7 1
10 2 9 10 11 23 27 3 14 15 6 17 19 7 1
13 23 27 3 14 6 17 7 1
13 2 9 11 12 13 15 20 3 13 5 19 24 7 1
13 2 8 9 10 14 15 3 19 7 1
8 2 8 13 14 21 31 3 25 28 43 7 1
13 15 16 2 10 11 15 16 3 9 24 7 1
8 10 12 29 2 8 11 12 14 15 17 25 29 3 27 28 7 1
8 12 29 2 8 11 12 14 18 25 29 3 27 28 7 1
8 9 10 14 2 12 13 14 17 23 25 32 3 20 6 21 31 33 7 1
8 11 2 10 11 12 13 14 15 17 23 32 3 21 33 7 1
8 2 14 26 29 31 3 14 5 25 28 43 7 1
11 2 8 10 11 15 16 3 9 24 7 1
12 13 2 12 13 3 18 6 21 22 24 7 1
12 2 8 9 12 13 3 18 6 19 21 7 1
15 32 34 2 8 11 15 17 32 34 3 30 5 26 6 27 29 7 1
17 18 34 2 8 11 13 15 18 30 34 3 34 5 26 6 27 7 1
8 2 8 9 12 16 22 23 3 30 5 15 6 25 31 32 35 7 1
8 2 8 12 14 16 22 29 3 15 6 27 32 37 7 1
13 20 27 29 3 8 10 25 28 7 1
16 25 7 1
11 20 2 12 20 25 27 29 34 3 8 6 9 16 35 7 1
11 2 20 31 34 3 16 35 7 1
10 24 26 2 8 9 10 24 26 27 3 8 5 11 18 7 1
23 2 8 9 10 25 26 28 29 3 11 18 19 22 7 1
8 10 2 8 10 12 13 15 17 34 3 14 4 24 6 26 7 1
10 14 2 9 11 15 16 3 20 21 7 1
10 2 10 11 3 21 7 1
8 11 2 8 9 12 18 3 16 17 4 20 22 7 1
8 2 8 3 16 17 4 22 7 1
25 29 2 8 25 26 29 31 32 3 15 17 18 20 7 1
22 7 1
10 2 10 3 24 6 26 7 1
9 2 9 3 17 6 28 30 7 1
9 2 9 3 16 19 4 17 6 24 25 28 7 1
8 9 2 8 9 15 16 17 20 22 23 24 3 27 28 29 7 1
8 15 2 8 3 27 28 29 7 1
13 14 22 2 12 13 15 17 23 26 30 32 3 16 21 4 25 7 1
22 2 22 3 25 7 1
9 10 22 2 8 9 16 18 19 23 3 26 28 7 1
22 2 22 3 26 7 1
11 2 9 11 3 8 13 7 1
9 2 9 3 8 7 1
10 2 10 11 3 12 15 7 1
10 2 10 11 3 14 16 4 12 15 7 1
9 10 18 2 9 10 18 3 9 5 16 26 27 7 1
18 2 9 10 18 3 16 7 1
15 2 15 3 14 4 18 26 27 7 1
8 11 12 32 2 8 11 12 16 32 3 9 32 5 19 23 33 7 1
8 12 13 31 2 8 9 11 12 13 29 31 32 3 33 7 1
16 2 15 16 17 25 26 27 31 3 8 4 12 6 22 34 7 1
16 2 16 17 18 25 26 3 12 6 22 7 1
15 2 15 3 11 26 27 7 1
8 21 2 9 18 21 23 32 3 13 5 24 6 26 36 7 1
10 21 2 10 11 12 13 3 24 6 36 7 1
12 22 2 8 10 12 15 19 22 3 25 28 7 1
22 2 8 10 15 22 3 17 7 1
8 2 8 9 19 21 3 15 16 17 26 7 1
8 2 8 3 15 16 17 18 7 1
8 9 16 2 9 11 16 24 26 3 16 5 31 6 32 34 7 1
8 9 2 9 11 16 24 26 3 31 6 32 33 34 7 1
13 2 13 17 20 22 33 34 3 28 29 31 7 1
9 2 10 13 3 20 5 25 6 28 7 1
9 2 13 16 3 20 5 25 6 28 7 1
12 14 17 21 27 3 13 6 26 28 7 1
11 2 8 14 16 20 22 33 3 35 6 39 41 7 1
11 2 11 16 33 3 35 6 39 7 1
8 2 8 13 17 20 22 35 3 21 30 4 28 7 1
11 2 8 10 11 20 23 3 25 7 1
11 2 11 18 3 25 7 1
21 2 21 3 17 6 18 20 7 1
22 2 16 22 24 3 17 6 18 20 25 27 7 1
8 2 8 19 3 30 31 7 1
8 2 8 11 12 21 3 29 31 7 1
27 2 12 14 21 27 3 13 6 26 33 7 1
16 2 16 22 23 3 24 6 27 31 7 1
10 11 4 14 6 18 7 1
10 11 4 16 18 7 1
9 2 8 16 20 3 24 25 6 31 7 1
16 22 23 2 16 22 23 3 24 6 26 27 7 1
10 11 20 3 12 6 9 22 7 1
10 2 10 11 3 12 6 1
25 2 10 14 15 25 32 3 16 17 19 7 1
9 15 25 3 17 18 19 7 1
15 3 10 4 13 22 23 25 7 1
13 25 7 1
8 10 2 8 15 17 18 20 27 3 25 7 1
8 10 11 2 8 9 15 18 20 27 3 8 5 25 26 7 1
9 2 8 20 22 3 25 6 31 7 1
9 10 2 9 10 15 17 19 20 21 3 24 25 26 28 7 1
10 2 10 13 15 19 21 3 21 5 25 28 31 7 1
17 2 9 17 19 22 36 3 23 7 1
10 2 10 19 3 11 7 1
19 3 12 15 16 17 18 7 1
14 15 2 14 15 16 3 18 6 11 19 25 26 7 1
14 2 8 14 15 3 16 5 18 6 19 25 7 1
15 24 2 8 13 15 20 21 31 3 34 35 36 37 7 1
15 21 2 8 9 13 15 21 3 8 5 34 7 1
8 2 8 14 17 19 22 36 3 23 29 7 1
27 2 8 12 27 3 26 7 1
27 2 8 20 27 3 22 5 26 7 1
12 2 8 10 12 15 3 17 7 1
10 2 10 11 12 26 31 3 20 7 1
25 27 28 2 8 25 27 28 29 3 11 4 20 6 33 45 7 1
25 2 25 27 29 32 3 8 5 20 6 33 45 7 1
9 14 2 9 10 14 3 13 16 7 1
8 2 14 3 12 13 7 1
8 2 8 9 10 11 12 13 15 21 3 20 6 23 25 27 7 1
8 2 8 12 21 3 20 6 23 25 27 7 1
12 2 8 11 12 14 19 21 22 3 24 6 25 30 7 1
12 2 11 12 16 19 22 3 24 6 25 30 7 1
9 2 8 9 13 14 15 16 17 20 21 23 24 25 27 28 3 18 19 4 29 6 1
8 2 9 12 13 14 15 17 20 21 24 27 28 3 29 6 1
10 33 2 13 15 16 17 20 31 32 33 34 37 41 3 1
17 2 10 11 17 18 21 25 26 27 3 12 4 23 29 30 32 7 1
18 24 2 11 17 18 19 22 23 24 25 3 27 30 7 1
9 10 2 10 11 14 18 19 24 3 27 28 30 7 1
8 2 8 11 13 15 16 20 24 27 28 31 3 18 6 32 33 35 7 1
8 2 8 24 3 18 6 32 33 35 7 1
8 41 2 10 15 16 17 33 34 41 3 1
12 19 20 2 9 20 3 11 13 14 16 17 7 1
20 2 9 12 18 19 20 3 11 17 7 1
10 2 8 10 11 3 12 16 4 20 6 14 15 7 1
8 10 2 8 9 10 14 21 3 16 6 18 19 20 23 7 1
8 2 10 21 26 3 16 6 20 22 23 24 7 1
18 2 11 13 18 25 27 3 12 4 18 5 9 29 32 7 1
9 2 9 22 25 3 13 16 18 30 7 1
9 2 9 3 30 7 1
8 2 8 11 3 20 6 13 7 1
13 2 13 18 3 10 6 12 7 1
13 18 2 13 14 18 3 12 7 1
8 2 14 3 25 26 7 1
10 14 2 10 14 3 25 7 1
9 22 23 27 2 15 20 22 23 39 3 39 5 17 19 6 18 21 24 40 7 1
22 23 2 8 20 22 23 30 32 33 3 19 6 1
9 14 3 21 6 22 25 26 29 7 1
9 3 21 6 22 7 1
12 20 21 26 2 9 20 21 3 28 7 1
8 10 2 9 10 21 3 28 7 1
10 2 10 24 29 3 26 7 1
9 10 2 8 10 16 24 31 3 11 7 1
9 2 9 12 15 25 26 3 17 6 29 31 33 7 1
9 2 9 10 14 15 3 17 6 29 7 1
11 2 11 13 3 14 6 15 18 7 1
11 2 11 13 3 14 6 15 18 7 1
14 2 14 3 1
10 16 25 2 16 25 26 3 1
9 13 15 17 2 9 12 13 14 17 20 21 3 14 5 1
9 13 24 2 9 14 22 24 3 1
14 3 1
12 14 3 13 7 1
13 2 13 3 15 16 17 7 1
13 2 14 3 15 16 17 7 1
19 2 19 3 1
17 2 10 13 15 19 3 8 7 1
19 4 1
12 3 1
14 18 2 14 18 3 30 4 29 32 7 1
8 12 2 8 9 12 3 20 25 7 1
8 11 2 8 11 12 3 25 7 1
35 2 9 13 15 16 20 22 3 26 28 32 7 1
9 2 9 15 22 3 28 7 1
8 15 2 15 18 19 22 3 16 17 26 27 31 7 1
8 15 2 15 18 3 17 7 1
18 2 12 15 33 3 29 32 7 1
9 2 9 10 11 12 14 15 18 3 22 23 7 1
11 2 12 13 15 3 22 7 1
8 12 2 8 9 13 15 18 25 3 24 7 1
10 11 2 9 10 14 21 22 25 3 24 7 1
16 20 2 8 9 14 16 18 20 29 31 3 10 13 4 17 21 22 28 7 1
9 20 2 9 14 20 31 3 17 7 1
10 33 2 10 11 15 18 33 3 14 4 16 27 28 7 1
33 2 8 11 18 33 3 14 4 27 7 1
11 21 2 8 11 21 3 16 18 19 23 24 7 1
10 2 8 10 11 21 3 16 18 7 1
13 15 26 2 8 12 16 18 20 26 27 3 28 6 29 31 32 7 1
10 2 16 18 20 25 26 3 28 6 29 30 31 7 1
21 2 13 19 21 22 26 33 3 32 4 33 5 27 29 31 7 1
11 19 2 11 13 19 22 26 3 29 7 1
8 2 8 10 13 22 3 12 6 19 7 1
8 2 8 9 10 22 3 12 6 26 27 7 1
9 12 2 9 10 12 3 14 15 17 18 20 7 1
9 2 9 3 14 7 1
19 2 11 19 3 8 9 4 15 17 21 22 23 7 1
10 6 15 17 22 7 1
12 14 30 2 8 9 10 14 15 16 19 25 27 28 30 3 18 34 7 1
9 2 9 14 15 20 27 3 32 7 1
8 2 8 9 14 29 3 27 34 41 7 1
8 2 8 9 15 3 19 7 1
8 15 2 8 9 10 12 14 15 18 3 19 21 7 1
11 2 9 11 21 3 14 6 18 20 23 7 1
9 2 9 11 15 16 19 21 3 30 4 8 6 10 18 23 24 31 7 1
8 2 8 9 10 12 18 23 25 27 30 3 35 7 1
8 9 2 8 9 12 13 14 26 29 3 17 27 34 35 7 1
10 2 10 14 17 3 18 6 21 23 25 28 7 1
10 15 2 10 14 15 17 3 18 6 21 7 1
10 2 14 19 23 24 25 3 12 4 13 6 33 7 1
9 10 2 8 10 14 18 19 23 24 25 27 3 12 4 33 36 40 7 1
18 2 14 16 17 18 3 17 5 11 7 1
14 16 17 3 12 7 1
8 9 2 8 9 12 18 23 25 27 30 3 31 7 1
8 10 11 2 8 9 11 17 34 36 3 14 5 35 7 1
11 34 36 3 21 35 7 1
8 15 2 8 15 20 21 3 10 13 18 7 1
8 9 15 2 8 15 20 3 12 31 7 1
8 11 19 3 19 5 16 20 7 1
29 2 16 29 3 15 5 8 25 27 30 7 1
15 28 2 15 28 29 3 8 25 7 1
8 13 2 10 11 12 13 3 13 5 14 6 20 21 7 1
9 17 30 31 3 9 5 36 37 7 1
14 23 2 9 11 14 23 30 31 3 36 7 1
13 16 2 13 14 15 16 3 13 5 31 35 7 1
15 16 2 13 14 15 16 3 26 31 7 1
11 19 3 10 20 7 1
8 9 2 8 9 12 13 3 14 6 19 20 7 1
8 2 8 27 3 18 22 7 1
8 2 8 3 18 7 1
10 2 10 11 20 21 3 32 7 1
10 2 10 3 32 7 1
11 2 11 12 15 3 11 5 1
14 15 2 1
13 2 13 3 23 7 1
10 2 10 3 25 28 33 7 1
10 2 10 3 25 28 29 33 35 7 1
33 2 8 10 15 16 17 21 22 23 25 33 3 9 6 26 27 29 31 7 1
10 15 33 3 9 6 27 29 7 1
13 2 13 3 11 23 7 1
25 2 17 18 20 25 3 39 7 1
25 37 2 25 37 3 39 7 1
10 12 2 10 12 13 3 24 7 1
10 2 10 3 18 6 24 26 27 7 1
8 10 11 2 8 10 11 16 3 13 6 12 17 22 23 24 7 1
8 2 8 11 16 3 13 6 12 7 1
11 16 2 11 14 16 17 18 19 20 29 31 3 8 9 4 26 33 7 1
11 14 2 11 14 17 20 35 3 26 7 1
9 2 8 9 14 15 3 18 36 4 25 7 1
21 3 9 6 14 22 26 7 1
23 3 9 6 1
10 20 2 9 10 20 28 3 22 7 1
20 2 8 11 19 20 21 28 3 22 26 7 1
10 2 8 10 15 3 32 7 1
15 2 16 25 3 27 6 1
15 2 9 10 16 17 18 22 25 3 27 6 34 7 1
8 2 9 15 24 3 26 6 29 7 1
8 9 10 2 8 9 15 24 3 26 6 29 7 1
8 2 8 9 10 14 16 3 20 6 27 7 1
8 2 8 9 10 19 23 3 25 26 27 7 1
10 2 26 28 3 25 33 7 1
14 22 26 2 22 26 28 3 30 7 1
22 2 12 22 27 28 3 9 7 1
8 2 8 20 22 23 3 16 27 7 1
8 2 8 11 22 28 3 18 27 7 1
11 2 11 13 19 3 22 6 23 29 7 1
13 19 2 11 13 14 19 21 3 22 6 24 7 1
10 2 8 10 15 26 28 29 3 14 22 33 35 7 1
10 39 7 1
18 3 10 14 24 39 7 1
14 16 2 8 10 12 16 25 3 18 19 27 7 1
15 2 15 3 11 5 17 7 1
15 2 10 11 15 16 3 14 6 17 7 1
9 2 8 9 12 13 3 21 4 18 26 30 32 7 1
9 2 9 11 3 21 4 18 32 7 1
17 2 17 18 35 3 20 6 8 31 34 7 1
15 2 15 17 35 3 20 6 34 7 1
14 16 24 2 14 16 17 24 3 27 7 1
8 2 8 13 16 3 23 24 7 1
8 2 8 11 14 3 23 24 7 1
25 2 10 12 13 15 16 19 24 25 3 22 23 7 1
8 15 25 2 8 15 16 19 25 3 10 25 5 23 7 1
17 34 2 17 20 23 24 27 31 34 36 3 1
17 31 34 2 8 14 17 23 26 28 34 3 8 5 25 7 1
8 14 2 8 9 11 14 15 16 18 3 26 7 1
8 2 8 12 13 14 15 22 3 23 26 7 1
18 29 2 10 12 13 17 18 29 33 3 34 7 1
27 2 8 12 17 18 20 27 29 33 3 34 7 1
8 9 2 8 9 10 12 23 24 26 3 18 25 28 7 1
8 2 8 3 18 7 1
8 11 2 9 13 14 19 20 25 3 27 29 34 7 1
8 11 2 8 9 13 19 24 3 27 29 32 7 1
8 9 2 8 9 15 16 18 3 24 6 19 20 22 23 7 1
8 2 8 3 24 6 20 23 7 1
12 15 2 9 10 12 13 15 3 14 6 18 19 20 21 22 7 1
12 2 14 6 22 7 1
11 13 15 31 32 35 36 3 16 4 15 5 14 6 9 10 12 19 21 22 27 28 37 7 1
11 2 11 3 14 6 37 7 1
11 13 2 10 13 20 3 14 6 16 17 18 7 1
11 2 11 3 14 6 16 17 18 7 1
8 2 8 10 13 15 3 26 6 27 7 1
8 13 2 8 13 3 26 6 27 7 1
20 2 8 13 14 20 25 26 29 3 15 6 24 7 1
11 13 20 2 11 13 20 3 15 6 1
12 2 12 17 23 3 22 6 13 14 25 28 7 1
12 2 12 3 22 6 28 31 7 1
11 14 25 3 17 6 21 28 29 31 7 1
11 2 8 9 10 11 25 3 17 6 28 30 7 1
8 2 8 3 12 4 22 25 7 1
8 2 8 9 11 16 24 3 12 4 1
15 2 20 36 3 12 21 7 1
14 2 8 10 20 24 36 38 39 3 21 7 1
20 21 2 14 20 21 3 15 24 6 12 13 25 7 1
20 21 2 14 20 21 3 15 24 6 12 13 25 7 1
12 2 11 12 13 14 16 18 19 3 9 6 17 20 7 1
23 2 23 3 30 6 28 29 33 7 1
10 14 23 2 10 14 23 3 30 6 28 7 1
8 2 10 14 3 22 27 28 4 35 7 1
8 2 9 10 14 30 3 22 27 28 4 19 6 1
18 30 3 28 7 1
18 30 3 23 7 1
8 2 8 3 25 7 1
8 2 8 10 11 12 20 3 13 6 24 25 28 7 1
8 20 2 8 10 12 17 18 3 13 6 28 7 1
11 12 2 11 12 13 16 18 19 3 17 7 1
13 15 2 13 15 18 30 3 17 6 21 22 24 25 31 32 7 1
9 15 2 9 10 15 18 30 3 17 6 22 7 1
10 2 8 11 22 3 17 6 19 20 25 7 1
14 15 2 15 17 3 1
11 2 10 11 13 3 25 30 4 9 17 7 1
10 2 10 13 3 1
8 20 2 8 9 15 20 26 27 3 18 7 1
20 2 9 15 25 26 27 29 3 18 19 24 32 7 1
8 2 10 11 13 14 20 3 15 26 28 32 33 7 1
8 2 10 3 15 32 7 1
8 9 4 13 20 24 7 1
23 3 8 9 4 13 24 25 7 1
17 18 19 20 3 29 31 32 7 1
16 22 2 16 22 3 1
8 16 22 2 14 17 26 27 29 3 11 5 1
8 2 8 3 36 40 7 1
14 2 8 14 16 19 30 3 35 36 38 7 1
13 2 13 3 21 23 24 7 1
17 2 8 16 17 18 19 3 17 5 21 23 7 1
8 2 8 3 25 30 31 7 1
8 2 8 10 11 14 19 26 3 25 28 30 31 7 1
8 2 8 3 20 21 7 1
9 28 2 10 13 19 28 3 28 5 20 21 7 1
16 27 7 1
20 31 3 26 7 1
27 2 27 3 18 4 26 7 1
13 14 17 27 2 9 10 11 13 17 20 25 27 3 16 27 5 26 7 1
11 2 11 3 18 6 22 7 1
11 13 2 11 17 31 3 18 6 22 7 1
25 2 10 11 25 27 3 35 40 41 42 4 1
14 2 11 12 13 15 18 25 27 30 32 3 16 40 4 12 14 15 5 1
9 10 2 9 10 3 11 13 24 7 1
9 10 2 9 10 17 19 3 11 7 1
17 2 18 3 1
17 2 14 17 21 26 3 28 7 1
13 17 2 17 19 3 21 6 22 7 1
13 17 2 13 17 19 23 25 3 8 6 10 7 1
20 2 13 20 3 36 38 39 7 1
11 2 12 3 24 7 1
11 2 8 12 3 24 7 1
9 2 9 3 17 4 1
9 2 9 10 22 3 17 4 16 7 1
16 2 11 16 3 13 25 31 4 28 6 24 7 1
12 2 9 12 15 3 25 31 34 35 4 28 6 1
20 2 18 20 22 24 3 36 38 7 1
20 2 18 20 21 3 28 7 1
20 2 8 11 12 13 18 20 21 24 3 28 7 1
8 10 2 8 9 10 20 24 3 21 22 7 1
8 2 8 3 14 18 22 7 1
13 2 13 16 20 3 15 4 21 6 8 27 7 1
9 13 2 9 16 18 20 22 3 15 4 21 6 27 7 1
8 2 9 3 15 6 17 19 21 7 1
8 10 24 2 8 10 11 3 15 26 6 17 19 27 7 1
9 13 2 9 13 14 3 17 6 19 7 1
9 2 9 3 17 6 19 7 1
10 17 2 9 10 11 15 17 18 19 22 3 21 4 12 6 25 7 1
10 2 10 3 12 6 25 7 1
11 16 17 2 11 12 16 17 18 19 3 33 35 36 7 1
14 2 14 3 33 7 1
8 18 2 8 11 15 17 18 19 21 24 29 33 38 3 31 6 35 7 1
8 2 8 3 22 7 1
8 9 15 2 8 9 10 11 12 13 14 15 16 17 19 3 22 7 1
17 2 17 3 20 21 26 7 1
11 16 17 2 8 11 14 16 17 3 20 21 22 26 7 1
8 18 2 8 12 17 18 20 22 27 3 21 6 25 32 7 1
19 2 19 3 21 6 25 7 1
15 3 35 7 1
8 2 8 20 3 9 4 26 7 1
8 2 8 20 21 22 23 24 3 9 11 12 14 15 4 25 26 7 1
11 2 11 3 22 6 24 7 1
8 13 14 2 8 12 13 3 22 6 24 7 1
24 6 12 13 14 22 7 1
8 15 3 24 6 22 7 1
20 2 20 3 30 6 25 7 1
12 16 2 12 13 32 3 30 6 1
8 2 8 3 17 6 27 7 1
8 11 2 8 11 13 3 17 6 27 7 1
18 2 18 3 23 7 1
8 10 14 2 8 10 14 3 23 7 1
19 6 17 20 22 7 1
11 2 23 3 19 6 9 7 1
10 2 10 3 13 6 18 22 7 1
10 11 25 2 10 11 24 25 3 15 5 13 6 22 7 1
20 2 20 3 12 6 24 25 26 7 1
20 2 20 23 3 12 6 25 7 1
15 7 1
13 3 15 17 7 1
12 2 12 3 22 7 1
12 2 12 3 19 7 1
8 2 8 3 13 4 15 27 30 7 1
8 9 2 8 9 12 3 15 27 30 7 1
9 2 9 3 28 6 22 23 32 7 1
9 2 8 9 13 29 30 3 28 6 21 23 25 7 1
8 2 8 3 19 6 20 7 1
8 9 2 8 9 12 3 13 16 17 4 19 6 20 7 1
12 2 11 12 18 24 3 15 21 7 1
12 17 2 8 9 12 24 3 10 16 21 23 7 1
8 4 11 16 6 14 17 18 19 7 1
8 4 11 16 6 14 18 19 7 1
13 2 8 13 23 3 19 20 27 7 1
13 2 8 13 3 16 6 19 28 29 30 7 1
8 18 19 2 9 15 18 19 22 30 38 3 8 5 26 34 36 7 1
8 13 2 8 14 17 25 3 8 5 15 6 21 22 7 1
8 11 13 2 8 11 16 17 18 3 15 6 21 26 27 7 1
11 2 10 11 13 20 21 3 11 13 5 24 7 1
16 17 2 11 13 17 21 22 3 9 12 14 4 23 7 1
19 2 9 19 3 15 4 19 5 21 24 28 7 1
19 2 9 19 3 17 4 23 28 29 30 7 1
8 18 2 9 11 12 13 15 18 19 22 38 3 17 4 35 36 7 1
20 2 8 9 11 17 20 3 8 5 12 19 21 25 7 1
20 2 8 10 15 17 20 27 3 12 16 19 21 23 7 1
13 16 2 13 15 16 23 3 13 5 8 6 17 20 7 1
11 12 15 23 2 9 11 12 14 15 16 22 23 3 8 11 5 19 6 28 32 7 1
9 14 23 2 9 10 13 23 3 19 6 20 27 28 29 7 1
8 11 2 8 9 11 16 17 3 23 6 28 30 33 38 7 1
11 19 2 8 11 16 19 20 3 28 30 31 33 34 7 1
15 2 14 15 3 8 6 1
15 2 15 3 18 4 8 6 1
10 11 15 22 3 20 5 12 6 1
10 22 2 10 20 22 3 12 6 17 21 23 7 1
13 2 12 13 15 16 21 3 9 4 15 5 8 6 17 20 24 7 1
11 2 11 15 20 3 8 4 9 6 29 7 1
17 2 19 20 21 22 3 13 4 35 5 25 7 1
17 22 23 2 12 17 21 22 23 3 25 29 7 1
15 2 15 3 14 6 16 19 7 1
24 2 24 3 27 6 12 25 7 1
24 2 24 3 8 10 4 27 6 12 15 22 25 7 1
11 2 11 14 16 19 3 9 6 21 23 24 7 1
13 2 13 14 15 3 29 4 20 6 32 7 1
13 2 14 15 18 30 3 29 4 30 5 20 6 28 32 7 1
8 2 8 14 3 20 4 28 6 30 32 7 1
8 13 2 8 13 14 3 20 4 28 6 1
15 2 15 3 14 6 12 7 1
8 2 9 15 17 3 10 4 21 7 1
8 2 9 15 17 3 10 4 21 7 1
21 2 12 21 3 20 4 24 25 7 1
21 2 12 13 16 21 22 3 20 4 15 6 24 25 7 1
8 2 9 21 3 14 6 23 7 1
8 10 21 2 8 15 19 20 21 24 3 14 6 23 7 1
14 2 14 26 3 32 33 7 1
13 2 13 3 16 6 19 7 1
13 2 13 18 3 16 6 19 7 1
9 3 10 14 18 23 7 1
9 2 9 3 18 7 1
14 2 11 13 14 26 3 19 7 1
15 2 17 3 11 4 10 6 1
15 2 17 20 21 24 3 8 4 10 6 1
10 2 10 11 3 14 6 20 23 27 7 1
10 2 10 11 12 3 14 6 23 25 7 1
8 2 8 3 20 29 7 1
8 2 8 12 3 11 4 13 6 28 37 7 1
8 2 8 12 3 11 4 26 6 22 28 7 1
10 4 20 25 7 1
10 4 23 25 7 1
8 2 8 24 28 3 29 7 1
16 2 8 9 16 3 1
16 2 16 27 29 3 10 15 7 1
8 20 2 8 20 3 23 6 22 7 1
8 2 8 20 3 23 6 18 22 7 1
8 2 23 3 16 17 5 24 7 1
24 7 1
11 2 11 13 30 3 16 6 25 28 29 7 1
11 2 11 3 16 6 22 25 29 32 7 1
9 2 8 9 10 20 29 3 15 7 1
9 2 8 9 3 12 17 22 23 7 1
19 23 3 21 4 26 7 1
19 2 19 3 21 22 4 26 7 1
11 2 11 13 3 14 6 18 7 1
11 2 11 3 15 4 14 6 19 22 7 1
8 2 16 3 18 21 25 27 7 1
8 14 2 8 14 3 17 6 18 7 1
8 14 2 8 14 3 17 6 9 26 7 1
15 2 15 29 3 9 18 4 28 6 26 7 1
29 2 14 15 16 21 27 29 3 28 6 26 7 1
8 2 16 3 18 21 7 1
9 12 3 14 6 17 19 7 1
12 3 14 6 10 17 7 1
8 2 8 3 20 6 1
10 2 10 3 27 6 1
12 2 12 13 16 17 22 3 27 6 28 29 7 1
10 6 1
22 23 25 30 3 10 6 32 7 1
14 2 14 3 17 6 21 7 1
9 14 2 9 11 12 14 3 14 5 17 6 19 20 21 7 1
9 10 2 9 10 16 17 3 9 5 20 6 26 7 1
23 2 23 3 26 28 7 1
23 2 11 15 22 23 3 23 5 26 28 29 7 1
8 2 8 3 22 6 1
12 24 2 13 24 3 13 5 22 6 16 28 32 7 1
9 2 9 3 28 6 30 7 1
8 11 19 27 2 11 19 3 13 6 17 20 22 29 7 1
11 2 11 3 13 6 20 24 7 1
24 25 2 11 13 24 25 27 3 9 24 5 21 22 28 7 1
8 2 8 3 15 4 1
30 33 2 11 12 30 33 3 23 6 25 31 32 34 7 1
30 2 30 3 19 4 23 6 31 32 7 1
16 18 2 8 16 18 22 29 33 3 18 5 23 28 6 1
9 2 9 11 12 14 15 16 3 20 24 25 26 7 1
9 2 9 3 20 7 1
9 2 8 9 3 15 29 31 4 22 6 32 7 1
8 2 8 10 3 20 7 1
8 2 8 13 3 12 20 23 7 1
15 2 15 18 25 3 10 6 12 7 1
15 2 16 17 18 25 3 10 6 26 7 1
16 2 9 10 11 16 3 8 6 21 7 1
16 2 9 10 19 3 8 6 21 7 1
16 2 10 16 3 14 7 1
8 2 10 16 3 1
8 2 8 3 1
9 2 8 9 24 3 15 29 31 4 22 6 32 7 1
8 2 8 9 10 20 24 3 16 6 23 27 7 1
8 2 8 3 16 6 19 22 23 7 1
12 2 12 15 22 26 29 3 17 6 20 24 31 7 1
12 2 12 3 17 6 20 7 1
9 3 1
9 3 13 7 1
16 2 10 16 3 11 15 7 1
9 2 9 3 14 19 7 1
9 2 9 3 8 6 14 22 23 7 1
8 9 2 11 12 13 3 17 6 18 22 24 25 7 1
8 2 8 11 3 17 6 25 7 1
15 2 15 3 20 7 1
15 2 9 14 15 3 20 7 1
10 2 10 3 28 29 7 1
11 2 11 13 16 17 19 3 8 6 9 29 7 1
14 15 18 2 14 15 18 3 14 5 19 7 1
15 18 2 15 17 18 21 26 27 3 18 5 9 28 7 1
16 2 16 3 16 5 1
17 2 17 3 14 6 18 22 7 1
17 2 17 3 14 6 18 22 7 1
1
9 2 8 9 14 3 8 18 5 20 21 28 7 1
16 3 8 6 18 7 1
8 6 19 7 1
1
8 2 8 10 11 14 18 22 3 8 5 19 23 24 7 1
8 2 8 3 23 7 1
11 2 11 12 26 28 3 11 5 15 6 22 29 7 1
11 2 11 3 15 6 29 7 1
12 2 10 12 3 18 21 7 1
12 2 12 3 18 19 20 7 1
14 15 3 10 6 17 7 1
10 6 17 7 1
16 2 16 20 3 8 4 11 6 21 7 1
16 2 16 3 11 6 21 22 7 1
8 20 2 13 15 18 20 3 25 6 26 29 7 1
8 9 2 8 9 3 25 6 28 7 1
9 23 2 12 23 3 25 30 7 1
8 25 2 10 25 3 14 15 16 27 28 7 1
8 25 2 8 25 3 28 7 1
13 2 21 3 12 6 25 26 7 1
13 2 13 3 12 6 26 7 1
9 23 2 12 23 27 3 8 30 32 7 1
19 2 19 3 15 6 30 7 1
19 2 19 3 15 6 29 7 1
8 2 8 22 3 29 7 1
22 2 8 12 22 3 26 29 7 1
11 2 11 3 12 5 14 20 7 1
11 2 11 3 20 7 1
25 2 25 3 12 4 29 6 17 7 1
25 2 8 25 3 12 4 29 6 19 26 7 1
8 2 8 10 3 28 6 29 30 7 1
8 2 8 3 12 24 5 31 34 7 1
8 2 8 12 14 3 31 34 7 1
16 2 16 3 8 4 15 6 18 20 7 1
16 2 14 16 3 15 6 17 7 1
8 13 2 8 13 3 25 6 20 21 22 24 7 1
8 2 8 10 3 11 5 25 6 20 22 7 1
8 2 11 3 14 6 23 29 7 1
8 2 8 11 12 13 28 3 14 6 29 7 1
8 2 8 3 21 6 23 7 1
8 2 8 13 18 3 20 21 6 23 25 7 1
8 2 8 10 13 19 27 3 28 6 21 26 29 7 1
8 25 2 8 25 3 20 7 1
10 12 2 9 10 12 13 14 19 3 10 5 18 20 7 1
8 2 8 3 1
8 2 8 12 14 18 19 3 8 5 13 23 24 7 1
28 6 24 7 1
9 11 13 2 9 11 13 15 16 17 18 3 11 5 28 6 24 7 1
8 2 8 3 18 6 30 32 7 1
21 2 8 9 19 21 3 21 5 18 6 32 7 1
8 6 11 16 7 1
8 6 12 13 14 16 17 7 1
20 2 20 3 24 7 1
12 20 22 2 11 12 20 21 22 3 24 7 1
16 6 19 20 7 1
14 2 12 13 14 15 17 3 14 15 5 16 6 10 11 18 19 20 7 1
12 2 12 3 13 17 7 1
16 2 12 16 3 8 16 5 13 17 21 7 1
23 6 24 7 1
18 2 14 17 18 3 11 5 23 6 1
8 2 8 11 13 18 22 3 19 23 7 1
8 2 8 3 19 7 1
10 2 10 13 15 17 19 29 3 22 4 14 31 33 7 1
10 2 10 3 33 7 1
15 2 11 15 3 8 4 18 20 22 29 7 1
15 2 15 3 18 29 7 1
8 2 8 9 3 11 4 10 6 14 15 18 22 24 7 1
8 2 8 3 10 6 24 7 1
15 2 8 11 17 20 23 3 25 26 28 29 30 7 1
8 15 2 8 15 3 25 7 1
8 12 2 8 10 11 12 14 3 13 19 7 1
8 12 2 8 12 3 19 7 1
12 2 12 13 15 3 11 4 10 6 17 18 7 1
12 2 12 3 22 7 1
8 2 8 11 3 17 5 22 24 7 1
10 3 15 6 17 7 1
10 2 10 18 20 3 15 6 17 7 1
11 2 10 11 12 13 16 20 25 28 3 21 23 27 29 31 7 1
11 2 11 3 22 31 7 1
8 7 1
11 3 19 7 1
8 2 9 13 15 3 21 7 1
9 2 8 9 12 13 3 21 7 1
8 2 8 11 15 3 17 5 16 6 24 7 1
8 2 12 33 3 14 4 28 7 1
8 2 9 10 32 33 3 1
21 7 1
12 19 7 1
8 2 8 15 3 10 7 1
8 2 8 11 24 3 1
31 2 8 22 23 31 3 40 7 1
10 2 15 22 27 31 33 3 37 42 7 1
8 2 8 3 13 5 19 7 1
8 2 8 17 3 19 21 24 7 1
21 2 21 3 16 6 25 26 28 7 1
21 2 18 21 3 9 4 16 6 25 7 1
8 2 8 3 18 23 25 7 1
8 2 8 19 3 18 24 7 1
8 2 23 3 1
8 2 16 23 25 3 1
9 16 3 22 26 27 7 1
9 2 9 25 3 26 7 1
8 10 2 8 11 14 24 25 28 3 17 19 22 30 7 1
8 2 12 3 1
8 2 8 3 15 7 1
14 2 8 9 14 15 16 27 3 20 21 24 7 1
14 2 14 3 20 7 1
8 2 8 3 17 22 7 1
8 2 8 10 13 3 1
8 2 8 3 23 7 1
9 2 18 22 24 3 29 32 34 35 7 1
9 2 9 3 27 6 32 35 7 1
18 2 21 28 34 3 29 31 36 7 1
18 2 18 3 1
8 2 8 3 15 4 16 6 20 23 7 1
8 2 8 3 10 4 16 6 23 24 7 1
16 20 22 23 7 1
22 23 7 1
23 2 10 14 17 23 3 25 26 28 7 1
23 2 23 3 19 6 30 7 1
22 35 2 12 13 15 20 22 31 35 3 41 42 7 1
21 2 9 12 21 3 10 21 5 18 20 22 29 7 1
12 14 2 12 14 16 21 29 3 12 19 5 8 6 27 28 7 1
11 18 29 3 8 6 23 28 39 7 1
22 35 2 15 22 26 35 3 24 42 7 1
10 18 43 2 10 11 18 21 27 43 3 18 5 20 44 7 1
21 2 10 14 21 3 44 7 1
8 2 8 10 11 21 3 23 25 26 7 1
14 2 14 16 3 8 14 5 18 6 20 22 25 7 1
14 2 14 16 3 16 5 18 6 20 21 7 1
9 17 2 8 10 17 22 3 9 5 25 6 28 7 1
13 2 13 14 31 32 3 15 6 25 28 36 42 7 1
32 2 9 11 13 14 19 31 32 3 15 6 26 36 7 1
8 2 9 10 12 3 16 6 19 22 7 1
10 2 8 10 11 3 18 6 19 27 7 1
10 2 8 10 12 15 3 18 6 19 21 27 7 1
14 2 10 13 16 19 3 15 20 7 1
16 2 10 16 3 20 7 1
8 2 8 10 12 14 26 29 3 11 31 7 1
8 10 2 8 12 14 30 3 19 20 4 31 7 1
17 2 10 13 16 17 3 25 6 35 7 1
8 2 10 3 16 6 1
19 2 15 19 3 8 6 9 7 1
19 2 12 19 3 8 6 11 13 16 7 1
9 2 9 13 14 15 3 10 20 7 1
8 2 9 11 3 24 7 1
13 2 13 20 3 13 19 5 10 6 17 22 23 7 1
13 2 13 3 10 6 17 18 7 1
8 11 13 2 8 9 11 13 18 3 8 5 15 6 20 22 24 25 26 7 1
8 10 11 13 18 2 8 10 11 13 18 3 15 6 20 22 24 7 1
10 2 10 3 13 17 7 1
10 2 10 12 3 15 7 1
18 2 18 3 13 6 17 21 7 1
19 3 14 6 10 16 17 7 1
19 3 14 15 6 16 17 7 1
21 2 8 21 3 14 4 22 26 7 1
21 2 8 9 30 3 14 4 12 5 22 23 7 1
26 2 22 26 3 12 25 7 1
22 26 2 19 20 21 22 23 26 3 12 25 29 7 1
11 2 11 3 16 7 1
11 2 11 3 8 9 10 16 7 1
12 2 12 3 20 6 21 23 27 7 1
11 2 8 11 12 24 3 8 5 20 6 21 27 7 1
18 2 9 18 3 13 6 17 7 1
8 2 8 3 14 25 26 27 7 1
8 2 8 13 3 22 27 28 7 1
18 2 18 3 10 4 16 6 13 30 7 1
18 2 26 29 3 10 4 16 6 15 30 7 1
8 2 8 3 20 6 22 24 25 7 1
8 13 2 8 13 14 3 13 5 20 6 21 24 25 30 7 1
26 6 1
9 2 8 9 10 14 21 3 26 6 30 7 1
8 2 8 3 16 6 18 19 28 7 1
15 2 8 9 15 26 36 3 15 29 5 16 6 34 7 1
8 36 2 8 36 3 1
13 7 1
10 6 13 14 7 1
10 2 10 3 23 24 7 1
10 2 10 12 13 18 3 20 22 23 7 1
14 2 14 3 32 6 35 7 1
14 2 9 10 14 20 22 26 27 3 20 5 32 6 35 7 1
8 11 13 18 36 2 8 10 11 15 20 36 3 22 27 7 1
11 15 2 8 10 11 13 15 3 16 19 21 22 7 1
10 2 10 3 30 7 1
9 18 20 2 8 9 13 18 21 3 8 9 5 28 7 1
27 2 27 3 31 6 1
27 2 10 19 27 33 3 31 6 28 7 1
17 20 30 34 7 1
9 2 9 16 18 3 20 24 7 1
11 2 11 15 3 16 21 7 1
11 15 16 17 20 22 24 3 13 18 7 1
11 16 2 11 14 15 16 20 3 16 5 18 26 7 1
9 2 9 11 13 3 15 16 17 18 24 26 4 29 32 36 7 1
10 2 8 9 10 14 3 29 35 7 1
8 32 2 11 13 31 32 3 13 26 5 20 36 38 7 1
8 2 13 15 28 31 32 3 27 7 1
