4 14 15 16 18 2 29 32 2 31 33 2 1
3 9 2 10 11 18 19 25 26 2 1
5 6 7 10 14 2 22 23 2 27 29 2 28 30 2 1
3 5 6 2 11 12 13 2 17 18 20 2 22 23 24 2 1
3 8 13 14 15 2 21 27 2 29 30 31 2 33 34 2 1
8 9 2 10 11 2 14 15 16 2 1
5 11 13 17 2 18 22 24 28 2 23 27 2 1
5 6 2 9 10 2 13 14 15 2 18 19 20 2 1
2 3 5 2 1
9 13 2 24 25 28 2 29 30 32 2 1
10 12 17 18 2 23 24 2 1
6 9 10 11 2 12 13 2 1
6 7 11 2 12 13 14 2 15 16 2 18 19 23 2 26 29 2 32 33 2 1
4 6 13 14 15 16 2 1
5 10 11 12 2 13 16 2 18 19 21 2 14 22 23 24 25 2 27 28 30 2 1
5 11 14 15 2 1
3 7 23 26 2 24 28 33 2 1
5 6 9 10 11 2 1
7 8 2 11 14 15 17 2 1
4 9 2 1
7 14 16 2 17 18 19 2 24 25 2 27 34 36 2 1
4 5 8 2 13 15 2 18 19 20 2 22 23 2 1
6 11 13 15 2 17 18 2 1
6 7 15 2 20 22 21 24 2 10 12 2 1
4 5 10 14 19 20 2 12 13 15 2 16 17 2 1
6 8 9 13 2 12 2 1
4 5 6 2 10 11 16 2 15 19 2 1
4 5 7 8 2 12 14 15 2 22 24 2 30 2 1
5 6 10 2 11 13 2 14 15 16 18 2 1
5 10 18 2 21 22 2 28 29 2 30 2 1
6 7 10 15 16 2 13 14 2 1
4 6 7 9 2 10 14 26 29 2 31 32 33 34 2 1
3 9 12 2 11 13 2 16 18 2 20 21 2 1
5 6 8 2 9 10 13 2 14 15 2 16 2 1
4 5 2 7 8 9 11 12 2 13 14 2 1
7 9 12 2 15 17 20 2 18 19 23 2 1
5 6 9 11 2 1
6 8 14 15 18 2 16 2 1
4 9 10 2 11 12 13 2 14 15 18 19 2 1
4 12 2 16 17 18 2 21 22 2 19 20 2 1
5 7 9 2 11 15 2 16 17 18 2 20 21 22 2 1
4 8 10 11 12 2 14 18 29 30 2 22 23 2 1
7 17 2 20 21 25 26 2 1
4 5 2 7 8 9 10 2 1
4 5 2 9 12 13 2 19 20 21 22 2 1
6 7 11 2 16 17 19 22 2 12 13 14 2 1
3 5 8 2 11 12 13 2 1
3 7 13 16 20 22 2 28 29 2 27 2 1
9 10 19 21 2 22 23 24 2 31 32 2 25 29 2 1
7 8 2 9 10 11 2 13 14 2 20 21 22 2 1
3 7 8 11 12 2 10 2 1
5 14 2 17 18 2 21 22 23 24 25 26 2 19 20 2 1
7 13 15 2 22 23 25 29 30 2 28 26 2 1
9 10 14 2 26 27 29 2 20 25 2 28 2 1
5 6 8 9 14 15 2 16 17 2 1
6 7 11 12 2 13 14 2 1
4 8 10 2 11 13 2 14 18 19 20 21 2 1
3 18 20 2 21 22 2 23 24 2 1
6 18 19 2 21 24 28 29 30 2 31 33 2 1
9 10 11 12 13 2 17 18 2 1
4 7 8 10 2 11 13 22 2 23 24 25 26 29 2 1
7 11 13 14 22 2 24 25 2 26 2 1
4 5 8 13 2 15 16 17 2 21 25 26 2 1
5 12 2 15 16 2 19 20 2 1
3 5 7 2 8 9 10 2 11 12 2 13 2 1
3 4 5 7 2 8 9 10 11 14 2 1
4 6 8 9 2 10 11 2 1
5 6 2 7 8 9 14 2 13 15 16 2 1
3 7 10 11 13 15 2 17 19 21 28 26 32 2 1
4 7 8 10 2 11 12 2 1
4 8 2 9 10 2 21 22 23 26 2 24 2 1
3 6 7 2 8 9 11 2 12 13 2 21 25 2 32 35 2 1
6 7 8 16 17 2 18 20 2 25 26 27 2 38 41 42 2 1
4 5 2 7 8 21 2 22 23 24 2 37 38 39 2 1
5 25 2 28 29 31 2 13 15 2 1
4 6 12 14 15 17 2 16 18 2 1
3 6 7 10 12 15 2 19 20 2 11 14 16 2 1
5 6 9 11 2 12 13 15 17 2 1
4 7 9 2 14 2 8 2 1
3 4 8 2 11 12 13 15 2 16 17 2 19 28 2 1
9 10 11 14 16 22 2 27 28 2 31 30 2 1
9 13 16 19 21 22 2 18 20 2 1
3 9 10 12 2 8 2 1
5 6 8 9 10 2 14 15 16 2 1
4 6 9 10 11 2 13 14 2 19 21 22 2 25 26 2 1
4 5 7 2 6 2 1
4 5 13 15 2 16 17 2 12 14 2 1
4 6 7 8 2 12 13 2 15 16 2 1
5 6 7 2 9 10 12 13 2 24 29 30 2 28 31 32 33 35 2 1
4 6 7 2 9 10 2 1
5 6 8 2 9 10 11 2 1
5 6 7 2 9 10 2 13 14 16 2 24 25 2 26 27 28 2 29 30 2 1
4 5 2 6 8 2 9 10 11 2 1
4 8 11 2 9 10 2 3 2 1
8 9 10 12 2 13 25 26 27 2 34 36 37 2 1
6 12 2 18 19 20 22 2 13 14 15 2 1
6 7 11 14 2 18 19 2 20 26 2 1
5 9 2 11 12 2 21 22 23 25 28 2 26 27 2 1
7 8 9 10 2 16 17 18 2 20 21 22 23 2 1
10 12 2 14 15 2 13 19 21 22 2 1
3 7 9 10 11 12 2 13 14 15 17 19 21 2 1
4 9 10 2 1
12 14 17 2 19 20 21 27 28 2 1
5 9 2 12 14 15 2 31 32 2 1
4 9 10 11 2 1
5 6 2 1
6 7 8 15 2 19 21 25 26 27 28 2 1
6 12 13 14 18 24 2 28 29 2 1
5 6 8 2 13 17 23 24 2 1
5 9 15 2 1
6 9 2 11 12 14 16 2 1
6 15 16 2 29 30 31 32 33 34 35 2 1
4 7 9 12 2 1
6 7 8 2 1
5 7 8 11 2 12 13 2 1
6 7 8 9 10 12 13 14 15 16 17 2 1
3 6 7 8 9 10 11 12 17 2 1
7 10 14 2 1
12 13 15 16 17 2 18 19 20 2 21 22 23 2 1
5 7 15 16 2 17 19 20 2 1
5 14 19 20 21 2 17 2 1
5 6 11 15 16 2 27 28 30 2 18 23 2 1
5 8 12 14 2 11 13 2 1
4 5 10 2 11 12 2 21 22 2 27 28 29 2 1
4 6 7 10 2 12 15 21 2 24 25 26 27 2 1
5 6 8 9 2 11 12 13 2 1
7 8 9 2 11 12 13 2 17 15 2 1
3 4 9 10 11 12 2 1
5 10 2 15 16 17 19 20 22 2 1
9 10 2 12 14 17 2 18 19 20 2 30 32 33 34 2 1
4 7 8 10 2 12 13 14 2 15 20 24 25 27 28 2 1
5 9 2 10 12 13 2 16 17 27 2 14 15 19 2 1
2 5 6 2 1
7 8 9 2 10 11 12 13 2 15 16 2 1
4 6 7 8 10 12 2 9 13 2 1
5 10 12 2 18 20 22 27 2 25 26 2 1
6 16 18 19 20 2 17 2 1
3 13 14 2 15 19 20 21 2 16 17 2 1
5 11 13 20 2 15 16 26 2 9 12 14 2 1
6 9 2 11 12 13 14 15 2 17 18 19 22 2 1
5 6 7 9 2 13 14 2 3 2 1
6 10 12 2 13 14 2 15 17 2 22 27 2 30 31 2 1
4 6 9 11 2 14 15 16 2 1
5 13 14 2 17 19 23 25 29 2 1
4 5 7 8 9 2 12 13 2 19 20 2 26 27 2 1
6 7 10 13 2 17 29 2 30 31 32 2 1
7 9 15 17 22 23 2 14 16 18 20 2 26 2 1
7 27 33 35 38 2 18 19 24 29 2 30 31 2 1
5 6 9 10 13 2 15 16 17 2 14 2 1
5 6 7 2 11 12 2 15 16 2 21 22 25 2 30 31 2 1
6 7 8 2 9 10 11 2 1
6 8 12 13 2 27 32 2 34 35 37 2 1
4 5 8 2 9 13 2 22 23 24 2 1
8 9 11 2 13 20 24 2 26 28 2 29 31 32 33 2 1
7 8 9 10 2 20 28 33 2 36 37 2 38 2 1
4 5 6 2 11 12 13 2 14 17 18 2 19 20 2 1
6 7 13 2 15 17 21 22 2 23 2 1
5 7 8 9 13 2 19 20 2 1
5 8 10 13 14 16 2 12 2 1
3 7 2 10 11 13 16 2 14 15 2 1
4 5 6 7 9 2 1
3 22 23 2 24 25 27 2 26 2 1
5 6 8 10 11 2 16 17 18 21 2 19 20 2 1
5 7 8 9 11 13 2 12 14 2 1
4 6 8 9 10 12 2 13 15 2 11 2 1
7 11 14 15 2 20 21 2 22 25 2 24 26 2 1
5 6 8 11 12 2 3 7 2 1
8 10 13 2 15 16 17 18 2 1
6 12 16 2 19 21 2 22 23 24 2 1
6 12 2 13 17 2 20 21 2 24 25 2 1
4 5 11 13 14 2 15 17 22 2 32 33 2 1
6 7 8 10 11 2 1
4 8 13 2 15 23 2 30 31 33 2 34 35 36 2 1
7 8 9 2 15 16 17 23 2 26 27 2 29 30 2 1
6 8 16 18 20 24 2 28 29 30 2 1
6 19 2 20 21 22 2 1
3 4 5 6 7 2 13 14 2 15 23 24 2 1
6 12 15 19 21 22 26 2 34 32 2 1
4 11 2 12 13 15 16 2 17 2 1
6 7 13 14 17 2 19 22 2 21 24 27 28 2 29 31 32 34 2 1
4 5 6 7 8 2 14 15 16 2 9 11 13 2 1
5 6 7 8 10 2 11 12 2 16 19 22 23 25 28 2 1
5 7 2 8 9 2 10 13 14 2 15 16 2 1
4 17 2 16 19 22 2 24 25 26 2 28 29 30 2 1
7 8 9 15 16 2 13 14 2 1
5 7 10 2 11 13 2 9 12 2 1
5 7 8 9 2 16 17 18 2 19 20 21 2 1
6 7 11 12 14 2 15 16 2 1
5 6 28 29 2 33 34 35 36 2 1
5 6 7 2 8 12 13 14 15 2 16 17 2 1
4 5 12 13 2 7 9 10 11 2 1
8 11 2 12 13 2 14 15 17 2 18 20 21 2 1
4 5 6 7 8 9 10 12 2 1
3 9 19 26 28 2 13 14 17 20 2 1
4 6 12 13 16 2 11 2 1
4 7 8 2 9 10 11 12 13 2 1
5 6 2 9 10 11 2 15 16 17 18 2 24 25 2 1
5 7 8 2 10 11 12 13 2 18 20 2 25 26 27 2 1
13 18 2 16 20 2 21 22 2 27 28 2 34 31 2 1
5 8 12 2 1
4 5 6 7 2 11 12 14 2 1
4 8 9 10 2 11 12 2 15 16 2 1
9 25 27 29 2 1
5 11 14 17 2 1
3 4 7 8 9 2 1
6 7 11 17 2 1
4 5 6 8 14 2 1
5 6 8 9 10 2 1
7 15 22 2 1
6 7 8 13 2 15 16 27 2 31 32 2 1
5 8 2 10 14 16 2 18 19 2 22 23 2 1
12 13 14 23 24 2 1
8 10 11 13 14 15 17 2 1
16 17 2 22 31 2 1
4 8 9 2 11 12 13 14 2 22 23 24 28 2 31 32 2 1
5 7 2 12 13 2 17 18 20 22 2 1
3 4 6 7 2 13 14 15 2 17 18 2 20 21 2 1
7 8 2 9 10 11 12 2 15 20 23 25 27 2 26 28 32 2 1
7 8 9 16 2 1
9 10 17 22 23 2 1
5 6 10 12 2 13 19 22 23 2 1
4 7 8 10 11 2 20 21 2 1
4 5 9 2 10 13 2 12 22 2 25 26 28 2 1
6 7 8 9 2 10 11 14 2 16 18 19 2 1
5 7 11 2 1
8 12 2 14 15 16 2 1
8 12 16 2 19 20 21 26 2 1
5 6 7 13 14 15 2 17 19 20 24 2 27 28 29 2 1
3 4 5 11 18 2 1
7 24 2 1
3 4 7 20 2 22 25 26 2 1
5 6 7 2 8 9 2 16 18 2 1
10 11 14 17 2 1
6 8 10 2 1
3 9 10 19 2 1
3 8 12 13 15 17 2 1
6 12 19 2 1
5 15 2 1
8 11 12 18 2 1
4 5 7 12 14 18 2 1
6 7 10 11 12 13 24 25 31 2 1
7 8 9 10 12 13 2 1
6 9 12 2 1
5 8 9 10 11 2 16 17 2 1
6 9 13 15 2 1
9 12 14 2 1
6 7 9 12 13 2 1
3 6 11 12 16 2 19 21 29 32 2 1
6 15 17 2 1
4 5 17 2 25 29 30 2 32 33 2 1
8 9 12 2 16 18 24 27 28 2 29 31 2 1
4 7 8 11 2 1
4 6 9 10 12 2 1
9 18 20 21 2 1
5 6 7 2 13 14 15 22 23 2 1
6 7 8 10 12 2 13 14 2 1
3 11 13 25 2 1
9 10 12 14 2 18 27 30 2 31 32 2 33 36 2 1
5 6 2 7 9 2 1
4 6 15 2 16 17 19 22 26 2 1
4 5 8 2 11 13 2 19 21 2 22 24 25 29 2 1
9 10 2 14 15 18 20 24 2 21 23 2 1
4 5 6 8 2 9 10 12 2 1
5 11 12 2 20 23 2 24 25 28 29 2 1
5 7 12 14 2 16 18 2 19 21 22 2 23 2 1
8 9 11 2 14 15 16 18 2 19 25 2 35 36 2 1
3 6 15 2 16 17 2 9 10 2 1
6 13 15 16 18 2 9 10 2 1
5 7 10 11 2 1
7 8 14 2 15 16 17 19 2 13 2 1
3 9 11 15 16 2 6 13 2 1
4 7 9 10 2 1
6 9 2 10 12 15 17 2 22 23 26 2 1
5 7 13 2 14 15 2 26 30 33 2 34 2 1
5 10 16 2 17 18 2 22 23 2 1
5 12 17 19 20 2 13 16 2 15 14 2 1
4 5 6 7 8 2 9 11 12 13 2 18 22 23 2 1
4 5 12 2 17 18 2 19 20 2 23 24 2 1
6 7 16 18 19 2 25 27 2 31 32 2 1
3 9 11 13 2 10 2 1
3 6 9 2 14 16 17 2 19 21 22 2 28 29 30 2 1
6 7 8 9 12 2 13 14 15 2 1
7 9 2 11 12 13 2 14 2 1
3 15 16 17 18 2 12 13 2 14 2 1
4 5 8 11 2 9 10 2 1
4 6 7 2 8 9 13 2 1
8 10 12 2 13 14 17 2 21 25 2 28 29 30 2 1
7 10 12 13 2 15 16 2 23 24 25 2 1
6 8 2 9 14 2 18 19 2 25 27 2 29 30 2 1
7 10 11 12 2 20 21 23 2 24 2 1
7 9 14 15 2 17 19 21 22 26 2 20 2 1
5 6 7 8 2 1
7 8 9 10 16 2 1
5 10 11 2 13 14 2 17 18 19 2 22 23 2 1
6 7 17 2 21 23 25 28 2 27 29 2 1
6 7 8 2 9 10 2 12 13 14 2 1
5 6 7 15 2 20 24 25 26 29 2 1
4 5 8 12 13 20 21 2 23 24 28 2 27 2 1
5 9 2 12 14 17 2 18 19 26 28 2 27 30 2 1
6 9 13 14 17 2 18 20 21 2 22 2 19 2 1
6 7 11 14 2 23 24 25 27 2 13 17 2 1
6 9 10 2 11 12 14 15 16 21 2 1
5 6 17 20 2 24 28 2 33 36 39 2 42 43 2 1
8 9 10 2 11 12 2 15 16 2 14 13 2 1
5 7 2 11 18 2 24 26 2 29 31 2 33 2 1
5 6 8 2 9 10 11 12 2 1
4 9 13 19 24 36 2 12 14 16 23 2 35 2 1
6 7 13 14 16 2 22 25 27 28 2 1
4 5 13 14 2 15 16 17 2 18 25 26 2 35 36 2 1
11 12 13 16 17 19 21 2 1
6 8 10 13 15 16 2 18 19 2 1
4 17 19 2 20 21 2 13 14 15 2 16 2 1
4 8 2 10 12 16 18 2 21 25 2 22 23 24 2 1
7 8 10 14 15 2 18 19 2 22 23 2 28 29 30 2 1
3 4 8 10 2 11 12 13 14 2 30 32 34 41 2 1
6 9 10 11 2 12 2 8 2 1
5 6 11 12 2 13 14 15 17 2 18 21 27 28 29 30 2 1
4 8 2 9 13 2 14 16 17 20 2 23 26 27 2 29 30 2 1
7 8 14 15 16 2 20 21 23 2 24 25 2 1
5 8 11 12 2 7 9 2 1
6 18 2 22 25 26 27 29 2 1
3 6 7 10 2 11 12 2 13 14 18 2 27 29 30 31 33 2 1
5 6 12 2 15 16 18 19 22 2 1
4 5 8 11 2 17 18 22 2 27 28 2 38 39 2 1
6 8 9 11 12 2 13 14 2 1
8 9 10 14 15 2 1
9 10 14 17 2 18 19 2 1
4 12 13 14 2 18 20 23 2 27 29 31 32 2 1
5 6 2 7 9 10 11 13 2 1
3 5 6 2 9 10 2 1
6 9 10 13 18 20 2 21 23 2 26 27 2 1
4 5 10 2 11 12 13 14 15 16 2 1
3 9 10 11 2 17 18 20 2 19 2 1
7 8 9 11 16 17 2 21 22 24 2 26 27 28 2 1
4 6 9 10 2 15 16 2 21 22 24 2 18 19 2 1
4 9 11 2 13 14 2 15 16 2 1
7 8 12 13 16 2 18 19 21 2 1
6 7 2 8 9 12 2 17 18 2 19 20 2 1
3 9 11 12 13 14 15 2 24 2 1
4 10 14 15 2 16 18 19 20 21 23 2 1
6 9 2 10 11 2 12 13 14 15 2 18 24 25 26 2 1
6 10 12 2 13 14 2 1
4 7 13 2 14 16 17 18 19 2 11 15 2 1
5 8 11 2 12 13 2 16 17 2 18 19 20 21 2 1
6 7 8 2 9 10 2 1
4 10 14 15 2 17 18 22 2 1
3 4 5 9 2 10 11 12 13 2 16 17 2 1
6 7 2 8 9 10 2 14 15 2 16 17 2 1
4 5 6 7 2 13 14 15 18 2 1
4 5 6 9 2 10 14 15 2 17 22 24 29 31 33 2 1
5 6 10 12 2 16 17 18 19 20 2 22 26 29 2 1
4 9 10 11 2 17 21 22 26 27 2 25 2 1
5 6 9 10 2 15 16 17 2 20 21 24 2 25 26 27 37 2 1
6 8 14 2 18 19 2 28 29 30 31 2 1
5 6 2 11 12 16 17 2 9 10 2 1
4 13 2 15 16 17 2 14 2 1
4 11 12 2 18 19 24 2 26 27 29 2 28 2 1
11 12 15 2 16 17 19 20 2 21 24 25 2 27 28 35 2 1
6 7 9 10 2 12 19 22 2 39 40 2 41 2 1
6 7 8 9 2 10 17 18 2 25 26 27 2 1
5 6 7 2 8 9 2 1
5 6 7 8 10 2 1
5 6 26 2 16 17 21 22 24 2 20 2 1
3 8 2 9 10 13 2 14 15 2 1
5 9 10 2 1
7 9 10 11 13 2 1
4 5 10 12 13 14 15 16 2 1
9 10 14 15 16 2 19 25 26 27 28 2 22 21 2 1
5 7 8 2 13 14 2 18 19 2 1
4 5 8 2 10 11 12 2 9 2 1
8 11 13 14 2 15 20 21 2 1
5 6 8 9 2 11 17 18 2 21 24 2 32 33 34 2 1
3 8 9 2 10 11 12 2 1
7 8 2 9 10 11 2 12 13 2 15 16 21 2 1
6 13 15 16 2 23 24 2 8 10 12 2 1
5 6 8 11 2 16 21 22 25 2 19 23 2 1
7 14 15 2 23 28 35 2 40 41 2 37 38 2 1
6 8 10 12 14 15 16 2 1
4 6 11 12 13 2 15 18 2 20 24 2 29 30 2 1
7 10 2 11 12 2 15 19 21 2 24 25 27 2 1
5 10 2 12 13 14 15 16 2 18 20 21 2 1
6 7 10 2 11 12 13 14 2 1
3 8 2 11 12 2 15 17 20 2 27 29 2 28 2 1
8 14 2 19 22 26 30 2 31 33 34 2 1
5 6 9 2 12 16 17 18 20 2 21 2 1
5 6 7 8 9 10 11 2 1
4 6 7 2 8 12 14 2 20 21 22 2 1
3 8 10 11 12 13 15 16 17 2 1
3 8 9 10 11 12 2 1
4 5 7 8 17 21 2 22 23 24 2 12 15 16 2 1
8 12 16 20 22 2 19 2 1
4 5 11 14 16 17 23 2 22 2 1
3 6 7 10 2 1
6 7 9 15 16 2 20 21 22 2 23 24 27 30 31 33 2 36 38 2 1
5 6 10 14 2 15 16 17 2 1
6 7 8 16 17 2 19 20 21 2 1
6 7 8 9 10 2 11 13 2 16 18 2 21 22 23 24 2 1
3 6 7 9 2 13 2 8 2 1
5 12 16 17 2 8 9 10 11 13 2 1
3 6 2 1
3 7 8 15 23 26 27 2 33 36 2 1
5 6 8 2 14 17 18 19 2 1
3 8 2 1
6 12 13 16 2 1
6 10 12 14 2 16 17 20 21 22 2 28 29 2 1
4 11 26 33 2 1
5 10 12 13 2 1
9 11 13 2 1
9 10 15 17 2 26 28 2 1
3 10 2 11 20 21 23 2 1
8 12 2 14 15 16 2 1
3 4 8 11 2 1
6 9 14 18 24 28 2 1
7 8 16 20 2 1
6 11 12 26 31 2 1
3 7 8 15 16 17 2 1
5 7 9 11 17 20 21 2 30 31 2 1
10 11 14 17 2 19 22 2 1
5 8 12 13 2 14 15 2 20 25 31 32 33 2 40 41 2 1
4 5 13 2 1
6 7 8 9 13 17 18 19 20 2 1
11 17 26 27 29 32 2 1
5 6 7 9 10 17 2 19 20 2 1
4 10 11 12 2 1
4 9 12 19 2 1
5 7 8 2 9 19 22 23 2 26 34 35 2 1
4 5 6 8 14 2 20 21 2 26 28 29 2 1
7 10 14 2 1
6 14 31 2 1
5 9 2 11 22 24 2 1
8 9 10 13 17 18 19 24 2 1
3 14 15 2 1
4 9 10 14 16 18 2 1
3 13 14 2 1
5 9 2 12 17 2 1
7 8 10 12 2 13 17 2 1
5 6 7 9 2 1
7 15 2 14 16 17 2 1
5 6 7 2 8 9 12 13 2 17 18 20 2 21 22 2 1
6 16 2 1
5 9 13 2 15 17 2 19 20 2 22 25 2 24 26 2 28 29 30 2 1
4 5 13 2 15 17 18 20 2 1
6 10 15 2 1
6 8 10 13 14 17 18 19 2 23 24 25 2 31 32 33 2 1
3 7 8 13 2 9 11 12 2 1
6 7 2 1
3 4 6 16 2 24 25 29 30 2 1
4 5 17 21 24 2 1
15 21 24 2 1
5 9 12 13 2 15 16 2 21 22 2 1
4 5 6 7 8 2 1
4 6 8 10 12 2 22 23 2 1
9 10 11 12 17 18 21 22 2 1
3 5 6 7 8 9 2 11 12 2 15 16 17 18 19 2 23 24 29 30 32 2 1
6 7 2 12 24 25 32 2 1
4 6 7 2 9 13 15 22 2 1
6 27 28 2 29 30 31 2 38 2 1
6 7 9 15 2 19 21 23 24 2 27 28 2 1
6 7 9 2 1
6 9 2 12 13 2 1
3 8 10 20 21 35 2 23 27 2 30 32 2 1
3 4 5 8 9 2 1
5 8 9 2 1
5 8 2 1
3 9 11 14 2 13 15 2 1
5 6 8 2 12 13 2 1
3 5 2 1
7 8 9 11 12 15 2 1
8 9 10 2 11 14 15 2 16 18 2 1
6 7 8 12 2 1
7 11 21 2 1
5 6 7 10 2 1
5 11 15 16 18 2 1
3 8 2 10 12 2 17 21 2 1
3 14 15 21 22 24 30 2 1
10 14 16 18 2 1
5 9 10 2 1
5 7 8 9 10 2 11 13 16 17 2 1
4 13 2 15 16 17 19 2 22 28 2 1
5 8 13 14 16 2 24 25 26 2 1
6 7 8 9 2 11 13 14 2 1
7 14 21 2 23 25 26 2 30 31 2 1
4 8 9 12 2 13 15 16 2 17 19 20 22 23 2 27 29 30 2 1
5 8 12 2 1
4 7 12 13 15 16 2 1
5 9 10 2 15 16 2 18 20 21 2 22 24 2 1
5 7 9 13 2 1
3 7 9 12 15 2 1
4 9 17 18 22 2 23 24 25 2 1
5 6 7 2 10 11 13 14 2 1
6 10 13 2 20 21 22 23 24 2 1
4 5 2 6 7 10 2 11 12 19 22 23 24 25 2 1
4 8 2 1
5 6 7 8 9 2 1
4 5 8 2 9 26 2 1
7 13 24 2 29 31 2 1
5 12 2 17 18 2 1
5 9 2 11 13 14 16 2 18 19 20 23 2 1
5 12 14 2 1
11 12 14 17 2 1
3 5 9 11 12 2 13 14 15 2 16 17 18 2 1
5 6 10 13 2 12 14 15 2 1
5 6 10 2 11 12 2 1
4 8 2 14 15 16 17 18 2 1
5 6 7 15 16 17 2 21 22 2 23 25 24 2 1
4 12 14 15 34 2 35 36 2 1
4 7 2 18 19 20 2 8 10 11 2 14 15 2 1
7 10 2 12 13 16 2 20 21 23 24 25 27 2 1
3 6 2 7 9 10 2 14 15 2 1
7 13 14 15 2 1
6 12 13 2 14 15 2 16 17 2 1
6 9 11 13 2 14 16 18 2 19 23 2 33 34 2 1
6 9 10 2 11 13 15 17 25 27 2 30 29 2 1
6 7 9 11 2 3 2 1
3 4 10 2 11 13 2 20 21 26 27 34 2 35 36 37 2 1
4 8 2 9 11 17 18 30 2 14 2 1
3 5 10 12 2 15 16 17 19 2 13 14 2 1
4 7 13 2 14 15 2 20 21 23 24 2 25 26 2 1
6 9 10 13 17 2 19 20 21 2 1
5 6 19 20 27 28 2 18 26 2 1
3 4 9 10 2 11 12 13 2 15 19 20 25 26 27 2 1
5 6 8 11 13 14 19 20 2 10 12 15 16 2 1
3 7 2 8 9 2 10 11 13 2 14 15 2 1
5 6 2 7 14 15 16 2 19 20 23 2 26 27 28 2 1
4 8 13 17 2 18 19 2 1
7 9 18 19 2 16 17 2 1
3 6 8 2 9 13 2 18 19 20 2 1
7 9 18 2 10 19 2 26 27 2 29 31 34 35 2 1
6 8 9 10 15 2 11 13 2 1
3 12 15 16 17 2 1
6 7 2 9 11 14 15 2 17 18 19 20 21 2 1
3 4 12 2 13 14 15 2 1
3 5 10 14 15 2 7 11 13 2 1
8 9 12 18 2 19 20 21 23 2 1
6 8 2 14 16 2 23 24 25 2 21 2 1
6 7 17 2 20 21 24 2 23 27 2 26 2 1
5 8 12 14 15 2 16 17 18 2 1
3 6 7 9 2 10 12 2 1
7 11 13 15 2 17 18 19 2 16 2 1
4 7 9 2 12 13 2 1
5 7 8 9 2 13 14 2 18 19 21 2 1
8 9 10 20 2 27 28 30 31 32 2 21 29 2 1
5 6 11 2 13 15 21 2 29 30 2 1
5 6 12 13 14 15 16 17 21 2 19 2 1
4 10 12 13 14 2 23 24 2 17 20 2 1
4 5 6 2 12 15 2 16 17 2 18 20 21 2 23 2 1
7 8 9 10 12 2 15 16 17 2 21 22 23 2 1
3 4 6 7 15 17 20 21 2 1
6 8 2 9 10 13 2 15 17 2 19 20 2 1
5 6 7 2 9 10 2 1
4 9 11 13 2 1
5 10 2 11 14 2 17 18 2 19 20 2 1
7 9 10 2 11 13 14 2 16 17 2 25 26 28 29 2 1
4 5 7 9 2 8 2 1
4 6 8 2 11 12 13 14 2 10 2 1
6 9 10 2 11 12 2 13 14 2 1
4 9 12 2 15 16 2 25 27 2 21 2 1
3 6 8 9 2 10 16 17 2 28 30 32 34 36 2 1
3 7 8 2 9 10 11 2 12 13 2 1
5 6 7 8 13 2 1
4 9 11 16 17 2 1
4 6 8 11 2 12 18 20 2 21 22 2 17 13 2 1
5 6 7 8 9 10 11 12 2 1
5 12 14 15 2 17 19 2 24 25 2 26 27 2 28 2 1
7 9 10 13 2 14 15 16 2 1
5 6 11 2 12 15 2 18 19 20 2 23 24 25 2 1
8 9 16 2 18 19 23 2 21 22 25 2 1
4 7 8 2 9 10 11 2 1
4 5 6 2 7 8 9 11 2 1
4 5 6 7 2 12 14 15 2 13 2 1
7 9 18 23 30 2 34 31 2 1
4 11 12 2 13 14 2 1
7 8 9 11 12 13 2 1
7 8 13 16 19 23 24 2 29 30 2 11 14 17 2 1
6 7 12 13 2 14 15 16 2 17 18 2 1
9 10 2 11 12 17 2 21 22 23 24 2 18 20 2 1
5 10 11 14 15 2 1
5 7 9 10 21 2 24 25 2 26 29 31 2 32 2 1
5 6 7 8 2 10 11 2 13 14 2 18 19 2 23 24 25 2 1
6 7 8 2 9 10 11 2 12 2 1
4 9 10 14 2 16 17 18 19 2 1
5 6 8 2 9 10 2 14 15 2 21 22 2 19 2 1
9 10 11 2 13 14 15 2 1
6 8 9 10 2 11 12 11 12 2 1
6 7 2 8 9 10 2 12 13 2 21 22 2 27 28 2 1
9 11 14 2 17 18 2 23 24 29 2 28 30 2 1
7 9 10 2 14 16 2 17 18 21 2 1
7 9 10 2 11 12 2 13 14 17 19 2 15 16 2 1
6 7 10 2 14 15 2 8 9 2 1
3 7 2 12 13 15 16 21 2 14 2 1
8 14 17 20 2 21 22 2 24 25 31 2 29 30 2 1
5 6 12 2 13 18 19 2 29 30 33 36 37 2 1
4 6 9 11 2 10 2 3 5 7 2 1
5 8 10 2 11 12 13 2 19 20 2 25 26 28 30 2 1
5 12 13 15 17 18 29 30 31 39 40 2 1
4 8 11 2 13 14 2 16 18 20 2 32 34 2 1
5 6 13 15 16 2 21 26 27 2 19 20 22 2 1
7 11 12 15 2 18 19 2 24 25 2 28 29 2 1
5 10 12 14 15 2 16 17 2 1
5 7 8 2 10 12 17 21 27 28 31 2 25 30 2 1
5 7 8 2 12 13 14 2 21 22 2 23 24 2 1
3 10 12 2 15 16 17 18 2 29 30 2 32 2 1
6 7 11 2 12 13 20 2 23 24 25 26 27 2 1
3 4 10 2 11 14 2 16 17 2 19 20 22 2 1
10 11 12 21 22 2 23 31 32 2 33 34 2 1
5 8 2 11 12 14 15 2 16 17 2 1
5 6 8 2 9 12 2 15 16 17 2 19 20 21 23 2 1
5 8 9 15 2 17 24 25 2 27 28 31 2 1
5 13 14 15 16 17 2 12 2 1
7 8 10 11 2 12 17 2 30 31 2 38 39 40 41 2 1
5 6 7 13 15 18 2 17 2 1
8 9 12 15 16 18 2 22 24 33 2 34 35 2 1
4 10 11 12 2 13 14 2 1
5 14 15 16 2 13 2 1
3 10 12 13 2 16 18 2 21 22 24 2 1
6 7 11 2 13 16 17 18 2 1
3 7 2 8 9 2 12 15 2 20 21 25 2 29 30 2 1
8 9 2 10 14 15 2 16 17 2 27 31 33 2 1
3 11 12 2 13 14 2 19 20 22 23 2 29 30 31 33 2 1
6 8 10 11 16 2 18 19 2 22 24 28 2 31 32 35 2 1
11 21 22 23 25 2 1
6 7 8 10 2 12 2 27 28 31 2 33 34 2 1
3 4 11 2 16 17 2 18 19 22 2 24 30 31 2 1
6 7 9 12 2 13 14 2 15 16 21 2 25 24 2 1
6 8 14 17 2 18 19 20 21 2 1
4 5 6 2 12 13 14 15 2 10 11 2 1
5 6 2 7 10 2 15 16 17 2 1
4 5 6 8 11 2 15 16 19 2 21 23 21 23 2 1
6 7 8 2 18 22 24 25 2 26 27 30 2 28 2 1
7 11 13 15 2 16 17 18 22 2 1
5 6 7 8 2 11 13 14 15 16 19 2 18 2 1
8 10 11 13 15 17 2 1
4 7 2 8 9 2 10 12 13 16 2 14 15 2 1
2 4 6 2 1
5 6 7 9 2 11 12 13 2 1
4 5 12 2 17 18 19 2 10 14 16 2 1
7 16 17 19 20 2 22 26 38 2 39 40 2 1
8 13 14 2 15 18 2 19 20 2 23 24 26 2 1
5 7 9 10 2 11 12 14 2 19 20 2 23 24 2 1
3 5 11 13 2 15 16 2 17 18 2 30 31 2 32 33 2 1
5 14 16 18 2 13 11 2 1
3 13 14 2 16 17 18 2 21 22 24 25 34 2 1
7 8 10 11 2 13 14 2 19 20 2 1
7 8 9 10 2 11 12 2 14 15 2 1
9 10 11 12 2 13 14 15 2 1
6 11 12 2 15 17 18 2 21 25 2 29 30 2 1
4 6 9 2 12 13 14 18 19 2 8 15 16 2 1
6 7 8 9 10 2 17 18 20 21 22 2 1
4 9 2 10 12 16 19 22 23 2 1
6 8 2 11 12 13 2 14 16 2 32 33 37 2 1
7 8 10 11 2 12 13 14 15 16 2 1
8 9 12 13 2 19 23 24 25 26 29 2 17 22 2 1
8 10 12 2 14 16 28 2 26 27 29 30 2 31 2 1
6 8 2 11 13 2 15 16 20 2 23 24 25 2 1
5 6 7 2 10 13 2 14 15 2 17 19 22 24 2 1
3 10 13 2 17 21 2 24 25 26 2 15 18 2 1
5 6 2 7 8 2 12 15 2 19 20 2 28 29 33 2 1
5 17 21 2 25 26 27 28 2 13 18 24 2 1
4 12 16 2 20 21 22 2 23 25 2 1
5 9 10 11 14 20 2 23 24 2 1
3 5 6 2 15 16 17 2 21 22 23 2 19 20 2 1
7 11 17 2 19 20 2 21 22 2 23 24 25 2 1
6 7 9 10 2 11 2 1
8 13 16 2 7 14 15 2 1
5 23 24 26 27 2 1
10 11 12 13 2 1
5 6 7 8 2 9 11 13 2 14 15 2 16 17 2 1
5 7 10 11 2 12 2 1
3 4 8 10 2 11 12 2 9 2 1
6 15 2 14 16 2 18 21 22 2 26 27 33 2 1
3 5 8 12 14 15 2 16 17 18 2 1
7 11 12 13 14 15 2 3 8 10 8 2 1
3 5 8 9 2 10 11 12 2 1
6 9 12 14 16 2 3 13 2 1
3 9 15 16 2 27 30 31 2 32 33 2 34 2 1
8 13 2 14 20 22 2 29 27 2 26 2 1
5 6 2 11 14 17 2 15 16 2 13 2 1
5 6 9 2 10 12 14 2 1
6 8 2 9 10 11 2 14 15 2 17 18 19 20 2 1
4 7 11 2 15 16 2 18 19 22 2 21 23 2 1
4 5 6 8 2 7 2 13 12 2 1
5 6 2 13 14 22 23 2 21 18 2 1
7 9 10 16 17 20 2 22 25 26 27 2 1
6 7 8 10 2 13 15 2 1
6 7 8 9 18 2 26 27 28 30 2 35 36 37 2 1
5 6 2 9 10 2 1
3 9 10 12 13 2 6 8 2 1
5 11 2 15 16 17 18 2 21 22 26 2 1
9 12 13 2 14 16 20 2 23 22 2 1
6 12 2 17 20 21 24 25 2 28 29 30 2 1
4 5 6 8 2 9 10 13 2 1
5 8 9 11 2 13 16 17 22 2 23 24 2 32 33 34 2 1
6 7 8 14 2 15 22 24 2 25 29 2 28 30 2 1
3 8 9 2 10 11 12 13 15 2 16 17 18 2 1
6 7 10 13 2 16 17 20 22 29 31 2 28 30 2 1
3 12 2 14 15 16 2 20 21 22 25 2 1
7 8 9 10 13 2 16 17 18 2 1
4 14 16 17 2 18 2 1
6 7 17 22 23 24 2 33 36 2 1
3 4 11 2 14 15 19 20 2 21 22 23 2 1
5 8 9 16 17 2 1
5 17 18 2 1
8 9 12 2 13 14 15 16 17 19 2 1
5 6 9 10 13 14 16 17 2 1
6 9 12 15 2 18 20 2 1
3 5 11 16 2 1
5 10 2 11 12 13 14 15 16 19 20 22 23 2 1
3 9 12 13 14 21 22 24 2 30 33 34 37 2 1
3 17 2 1
4 9 11 16 2 17 20 2 1
4 6 8 12 17 24 2 31 32 2 1
7 9 10 11 2 12 13 2 1
5 6 11 2 12 13 14 2 17 18 24 27 28 2 1
4 6 2 9 10 11 2 17 18 20 2 21 23 2 1
7 8 9 16 2 17 18 20 21 22 2 1
6 7 8 9 10 2 1
4 7 8 2 9 10 11 2 1
5 7 8 2 10 11 2 12 16 18 19 20 21 23 2 1
3 7 10 2 18 19 2 17 2 1
5 14 17 19 2 8 9 15 16 2 1
7 8 11 12 2 16 17 2 1
7 8 9 13 2 14 15 16 2 18 19 20 22 2 1
4 6 2 7 8 9 10 2 1
4 6 8 2 9 11 2 12 13 14 15 2 1
5 7 8 9 2 10 11 2 1
5 6 8 11 12 13 18 24 2 28 29 30 2 1
3 6 7 8 11 12 2 1
4 7 8 9 11 15 16 2 1
7 8 10 2 12 13 2 1
4 5 9 12 13 2 11 2 1
4 11 12 13 2 15 16 17 2 1
8 9 13 14 15 19 2 18 16 2 1
5 6 12 13 2 14 15 2 16 18 19 2 20 21 2 1
5 11 12 2 16 17 18 19 2 1
3 9 10 2 5 7 2 6 2 1
3 4 5 2 7 8 2 11 12 13 2 18 19 2 1
5 6 8 10 11 2 1
5 10 11 2 12 14 17 2 20 24 27 2 18 19 2 1
4 6 2 8 10 11 2 17 18 2 19 20 22 2 1
5 6 2 7 9 2 10 11 13 2 14 16 17 22 2 1
5 6 2 10 13 2 15 23 24 25 2 22 16 2 1
3 4 5 2 6 7 2 10 11 12 2 18 19 20 2 1
3 4 8 2 11 12 13 2 9 10 2 1
7 13 2 18 19 2 15 16 17 2 1
5 6 8 2 12 14 2 16 17 19 2 18 2 1
4 5 8 15 16 2 21 23 25 2 27 28 29 2 1
7 10 12 2 13 14 2 1
5 7 9 2 14 15 16 2 18 26 28 29 31 2 1
3 9 10 2 11 12 14 2 18 19 21 24 2 22 23 25 2 1
6 11 12 2 8 9 2 13 17 2 1
3 4 5 13 14 2 19 20 22 2 21 2 1
3 5 6 8 2 9 10 2 11 12 13 2 1
5 6 7 8 2 9 10 2 11 12 13 2 1
5 8 2 9 10 12 2 22 24 2 26 27 28 2 1
5 7 8 9 2 11 12 13 2 1
5 6 9 10 2 12 13 2 11 2 1
4 9 11 13 14 17 25 2 28 27 2 22 26 2 1
3 7 17 22 23 29 2 34 36 2 38 39 40 43 2 1
5 6 2 9 13 2 14 15 16 2 17 18 20 2 1
7 8 11 2 16 17 2 19 20 2 21 22 25 2 1
5 6 8 11 16 2 20 21 2 1
3 5 18 2 16 2 14 15 2 1
5 6 9 15 2 20 24 25 2 29 30 2 1
4 11 12 13 2 9 10 2 1
5 10 11 2 15 18 2 20 22 23 25 26 2 1
5 10 15 2 11 13 14 2 1
3 5 6 2 7 8 9 2 12 2 1
4 13 15 2 18 19 21 2 20 22 2 1
9 12 2 13 16 17 2 21 24 26 2 31 32 33 2 1
5 10 13 2 17 22 23 25 2 21 2 1
5 6 8 9 10 2 11 12 2 1
4 5 6 2 11 12 2 15 16 2 19 20 21 2 1
5 10 11 12 2 14 15 2 1
4 5 6 7 2 9 10 11 12 2 1
6 7 8 16 17 18 2 13 14 2 1
5 16 17 2 25 26 28 2 32 33 34 2 1
3 7 12 13 15 2 1
3 6 8 9 2 12 13 2 24 32 33 34 2 27 35 2 1
6 10 11 14 15 16 2 13 2 1
3 6 10 11 12 2 16 19 22 25 2 1
3 5 2 7 9 2 12 13 14 2 17 18 19 2 1
7 8 20 24 2 26 27 29 2 30 31 32 2 1
5 7 8 2 12 13 2 14 15 17 19 2 1
3 7 9 2 22 24 2 25 26 2 28 29 2 1
4 5 6 7 9 2 13 14 15 2 1
5 6 7 11 12 14 15 16 18 19 2 13 2 1
5 6 13 14 2 17 18 19 2 28 29 2 1
5 6 2 11 14 2 29 30 32 33 2 31 2 1
4 5 6 7 2 8 13 14 2 31 33 34 2 35 36 2 1
5 7 10 2 20 21 2 11 17 2 1
7 9 10 12 2 15 16 2 20 21 22 2 1
5 13 14 16 2 19 20 2 1
9 10 14 17 2 18 19 21 23 2 20 22 2 1
6 13 2 14 15 16 17 2 18 2 1
3 4 12 2 13 15 17 2 21 22 23 2 25 28 31 35 2 1
6 9 10 2 13 19 22 2 26 27 28 31 2 30 2 1
6 7 13 15 16 2 1
8 9 13 15 2 23 24 25 35 2 36 39 2 1
4 7 8 13 16 2 17 18 2 1
4 5 6 7 11 2 12 13 19 2 30 31 32 2 34 35 2 1
