4 8 28 2 1
3 7 9 2 10 26 2 1
5 6 14 2 24 26 2 28 29 2 1
3 5 6 2 11 20 2 12 13 2 22 24 2 25 27 2 1
6 8 14 15 2 29 30 31 2 1
8 9 11 2 12 13 2 1
5 9 12 13 17 2 18 22 24 2 1
5 6 7 9 2 13 14 15 2 16 17 2 18 19 20 2 1
3 5 2 1
3 8 10 13 2 24 28 2 1
10 12 17 18 2 23 24 2 1
6 9 10 11 2 12 13 2 1
6 7 11 2 12 13 14 2 15 16 2 18 19 23 2 26 29 2 32 33 2 1
4 6 13 14 15 16 2 1
5 10 11 12 2 13 16 2 18 19 21 2 14 22 23 24 25 2 27 28 30 2 1
5 11 14 15 2 1
3 7 23 26 2 24 28 33 2 1
5 6 9 10 11 2 1
7 8 2 11 14 15 17 2 1
4 9 2 1
6 7 2 1
4 8 15 16 2 18 20 2 1
3 4 8 15 18 2 1
6 7 15 2 1
4 5 10 2 11 14 15 2 1
6 9 2 1
4 5 6 2 10 11 2 1
4 7 8 2 12 14 15 18 19 2 22 24 2 1
6 12 15 16 2 1
5 10 18 2 21 22 25 2 1
6 10 14 15 2 1
4 6 7 9 2 10 12 14 15 23 2 32 33 34 2 1
3 10 11 12 2 16 17 19 2 1
5 6 2 9 13 15 2 1
4 6 2 8 9 11 12 13 2 1
7 9 12 2 15 16 17 2 18 20 2 1
5 11 2 1
6 8 11 18 2 1
4 9 11 12 13 2 1
5 6 10 14 2 13 16 17 18 2 21 22 2 1
5 7 2 12 15 2 1
3 4 6 8 11 12 13 23 25 29 30 2 1
6 7 13 18 26 2 1
3 4 5 7 10 2 1
4 5 7 11 12 13 19 21 2 1
6 7 9 11 2 17 18 2 1
3 12 13 2 1
6 7 14 22 23 2 1
9 10 24 2 1
9 10 11 12 2 13 14 15 2 1
7 8 2 10 11 2 1
5 26 2 1
7 15 2 28 29 30 2 1
10 15 27 29 2 1
5 6 9 14 15 2 1
3 6 11 2 1
4 8 9 10 11 13 15 19 21 2 1
3 4 15 2 21 22 2 1
6 18 19 2 21 24 28 29 2 1
9 13 2 1
4 11 14 22 2 1
7 11 14 2 18 19 22 2 24 25 2 1
4 13 14 2 16 17 2 1
5 7 8 9 10 12 2 13 14 15 16 2 19 20 2 1
3 7 2 8 9 10 2 11 12 2 1
3 8 9 10 11 2 1
6 8 9 2 1
5 7 8 9 13 14 2 1
3 10 11 13 15 16 20 21 2 22 23 24 26 28 29 32 2 1
4 5 8 2 1
4 8 2 9 10 2 21 23 26 2 1
5 6 7 10 2 12 13 2 21 25 26 31 35 2 1
6 11 16 2 17 18 24 2 25 30 2 32 33 2 1
3 4 5 2 15 21 28 2 32 33 34 35 2 37 38 2 1
5 20 21 25 31 2 28 29 2 1
6 12 2 1
3 9 10 12 13 14 15 2 19 20 2 1
5 9 2 12 17 2 1
4 7 9 2 1
4 8 15 2 16 27 2 1
8 9 11 15 22 2 27 28 2 1
5 6 2 9 13 19 21 2 1
3 10 2 1
5 8 10 2 1
3 4 7 2 9 10 11 2 13 14 15 16 2 19 20 2 21 22 2 25 26 2 1
4 7 2 1
4 13 2 12 15 2 1
4 7 8 2 13 14 15 2 1
5 7 8 9 2 15 17 19 25 26 2 28 29 30 2 1
4 7 2 1
6 8 2 9 10 11 2 1
5 6 7 13 16 2 18 19 21 2 26 27 28 2 29 2 1
4 5 2 6 8 2 1
3 4 6 2 9 11 2 1
9 10 11 12 2 13 14 2 26 27 28 2 34 35 2 1
6 15 2 18 19 20 2 1
6 7 14 2 18 19 20 21 2 1
5 9 2 14 16 2 21 22 23 24 2 25 26 27 28 2 1
7 8 9 18 2 21 23 2 1
10 12 2 14 15 2 13 19 21 22 2 1
3 7 9 10 11 12 2 13 14 15 17 19 21 2 1
4 9 10 2 1
12 14 17 2 19 20 21 27 28 2 1
5 9 2 12 14 15 2 31 32 2 1
4 9 10 11 2 1
5 6 2 1
6 7 8 15 2 19 21 25 26 27 28 2 1
6 12 13 14 18 24 2 28 29 2 1
5 6 8 2 13 17 23 24 2 1
5 9 15 2 1
6 9 2 11 12 14 16 2 1
6 15 16 2 29 30 31 32 33 34 35 2 1
4 7 9 12 2 1
6 7 8 2 1
5 7 8 11 2 12 13 2 1
6 7 8 9 10 12 13 14 15 16 17 2 1
3 6 7 8 9 10 11 12 17 2 1
7 10 14 2 1
12 13 15 16 17 2 18 19 20 2 21 22 23 2 1
5 7 15 16 2 17 19 20 2 1
5 10 19 20 2 1
5 15 2 18 23 2 27 28 2 1
5 8 10 14 2 1
4 10 12 2 21 22 2 28 2 1
4 6 10 14 18 19 2 24 26 27 2 1
5 6 9 2 11 13 2 1
7 8 9 10 11 12 17 2 1
3 9 10 2 1
5 15 16 22 2 1
12 13 14 15 17 2 18 19 20 21 2 22 23 28 2 1
4 16 17 22 24 25 2 1
5 10 11 12 17 2 1
5 6 2 1
7 8 9 2 10 13 2 1
4 6 8 2 1
5 10 11 22 2 1
6 8 11 2 17 19 20 2 1
6 13 14 15 16 18 21 2 1
5 10 13 15 16 20 2 1
6 9 2 11 13 14 15 16 2 1
5 6 7 2 13 14 2 1
6 11 12 2 13 15 18 19 2 27 29 2 1
4 6 11 13 2 1
13 14 29 2 1
4 5 6 20 2 1
6 27 30 32 2 1
9 10 14 15 2 1
7 12 13 14 15 2 30 33 35 2 1
5 6 9 2 15 16 17 2 1
5 6 7 2 11 12 13 2 15 16 17 18 2 19 21 23 25 31 2 1
6 8 9 10 2 1
6 7 2 10 11 12 13 2 15 16 19 21 22 23 27 29 31 32 34 37 2 1
5 8 10 2 22 23 24 2 1
9 11 13 2 19 20 21 22 24 25 2 29 30 2 1
7 8 9 10 15 16 29 33 2 36 2 1
4 7 8 2 9 13 15 2 19 20 2 22 2 1
6 21 22 2 1
5 7 9 12 13 20 2 1
5 7 2 8 9 10 11 2 12 13 14 2 1
3 7 10 11 16 2 1
4 5 7 2 1
7 8 18 20 21 23 24 25 2 1
4 6 7 10 2 12 16 17 18 2 1
5 6 7 9 11 13 2 1
4 8 10 2 1
7 14 2 16 18 2 20 21 2 22 24 25 2 1
3 4 5 6 8 11 12 2 1
8 17 18 2 1
6 12 14 16 2 19 23 24 2 1
6 16 17 2 20 21 2 24 2 1
4 5 11 12 13 14 2 15 17 2 32 33 2 1
6 8 11 2 1
4 6 7 20 2 30 36 2 1
7 8 9 2 15 16 17 23 26 27 2 31 33 2 1
10 19 20 24 2 29 30 2 1
7 8 10 2 18 19 2 20 22 2 1
3 4 6 7 8 2 10 12 2 13 14 2 20 23 24 2 1
10 12 21 2 1
4 7 10 12 15 16 2 1
10 17 2 21 22 28 2 31 32 2 1
4 5 6 7 8 2 9 12 16 2 1
6 7 8 9 10 2 11 12 14 2 16 18 19 20 2 1
5 12 2 13 16 2 1
4 6 7 8 2 16 17 2 24 26 2 1
7 8 15 16 2 1
5 7 8 9 10 13 2 1
3 5 7 8 9 2 16 17 2 1
6 7 14 2 15 16 2 1
5 6 12 16 22 28 2 33 35 2 1
5 6 7 2 9 10 11 12 14 15 2 1
4 10 12 13 2 1
8 11 17 18 2 12 14 15 2 1
4 6 2 1
3 19 2 1
4 6 10 12 13 16 2 1
4 7 2 9 10 2 1
5 6 9 11 2 12 18 24 25 2 1
7 8 2 10 11 15 28 2 1
13 15 2 16 18 19 20 2 21 22 24 2 25 26 27 28 2 34 36 37 2 1
5 8 12 2 1
4 5 6 7 2 11 12 14 2 1
4 8 9 10 2 11 12 2 15 16 2 1
9 25 27 29 2 1
5 11 14 17 2 1
3 4 7 8 9 2 1
6 7 11 17 2 1
4 5 6 8 14 2 1
5 6 8 9 10 2 1
7 15 22 2 1
6 7 8 13 2 15 16 27 2 31 32 2 1
5 8 2 10 14 16 2 18 19 2 22 23 2 1
12 13 14 23 24 2 1
8 10 11 13 14 15 17 2 1
16 17 2 22 31 2 1
4 8 9 2 11 12 13 14 2 22 23 24 28 2 31 32 2 1
5 7 2 12 13 2 17 18 20 22 2 1
3 4 6 7 2 13 14 15 2 17 18 2 20 21 2 1
7 8 2 9 10 11 12 2 15 20 23 25 27 2 26 28 32 2 1
7 8 9 16 2 1
9 10 17 22 23 2 1
5 6 10 12 2 13 19 22 23 2 1
4 7 8 10 11 2 20 21 2 1
4 5 9 2 10 13 2 12 22 2 25 26 28 2 1
6 7 8 9 2 10 11 14 2 16 18 19 2 1
5 7 11 2 1
8 12 2 14 15 16 2 1
8 12 16 2 19 20 21 26 2 1
5 6 7 13 14 15 2 17 19 20 24 2 27 28 29 2 1
3 4 5 11 18 2 1
7 24 2 1
3 4 7 20 2 22 25 26 2 1
5 6 7 2 8 9 2 16 18 2 1
10 11 14 17 2 1
6 8 10 2 1
3 9 10 19 2 1
3 8 12 13 15 17 2 1
6 12 19 2 1
5 15 2 1
8 11 12 18 2 1
4 5 7 12 14 18 2 1
6 7 10 11 12 13 24 25 31 2 1
7 8 9 10 12 13 2 1
6 9 12 2 1
5 8 9 10 11 2 16 17 2 1
6 9 13 15 2 1
9 12 14 2 1
6 7 9 12 13 2 1
3 6 11 12 16 2 19 21 29 32 2 1
6 15 17 2 1
4 5 17 2 25 29 30 2 32 33 2 1
8 9 12 2 16 18 24 27 28 2 29 31 2 1
4 7 8 11 2 1
4 6 9 10 12 2 1
9 18 20 21 2 1
5 6 7 2 13 14 15 22 23 2 1
6 7 8 10 12 2 13 14 2 1
3 11 13 25 2 1
9 10 12 14 2 18 27 30 2 31 32 2 33 36 2 1
5 6 2 7 9 2 1
4 6 15 2 16 17 19 22 26 2 1
4 5 7 9 12 13 2 19 20 21 23 26 29 2 1
9 10 2 11 12 14 17 18 19 20 2 21 22 23 24 2 1
4 8 9 10 2 1
5 11 12 2 14 15 20 23 28 2 1
7 11 2 12 14 2 15 16 18 22 2 1
8 12 14 15 16 17 18 33 36 2 1
3 5 9 15 16 17 2 1
6 10 13 16 18 2 1
5 6 10 2 1
8 11 2 13 14 17 19 2 1
3 6 9 11 15 2 1
4 6 9 10 2 1
3 11 13 15 16 2 1
5 7 10 11 24 30 33 2 1
5 9 10 16 2 17 18 2 22 23 2 1
5 12 13 17 19 2 1
4 6 11 12 17 18 23 2 1
4 5 12 2 13 14 16 2 17 18 2 19 20 2 1
25 28 30 2 32 2 1
7 8 9 11 13 2 1
3 7 8 9 2 14 15 16 17 2 19 20 21 22 24 26 27 2 28 35 2 1
6 8 12 2 1
7 9 13 2 1
3 9 10 2 12 13 15 16 2 17 18 2 1
4 8 2 1
4 7 2 1
8 23 24 2 1
7 10 11 13 17 2 18 24 25 2 1
6 8 9 15 17 2 21 22 2 25 27 2 1
7 12 2 20 21 23 2 1
7 9 15 2 16 17 21 26 2 1
5 7 2 1
4 9 10 2 1
5 9 11 13 14 2 17 18 19 2 22 23 2 1
6 17 23 25 28 2 1
6 7 8 2 1
5 6 7 8 12 26 2 1
4 5 9 12 16 20 2 23 24 2 1
3 17 26 2 1
6 9 2 1
6 7 11 12 14 24 25 27 2 1
6 10 2 11 12 14 15 16 2 1
12 15 24 36 2 1
8 10 11 12 14 16 2 1
5 7 8 10 11 13 2 14 16 18 2 29 32 2 1
5 9 10 11 12 2 1
4 8 14 23 36 2 1
6 7 10 12 2 13 14 16 28 2 1
4 12 13 14 2 27 29 2 35 36 2 1
11 14 16 17 2 1
6 8 10 16 19 2 1
4 15 17 2 20 21 2 1
4 10 13 14 15 16 18 2 1
7 8 9 2 10 11 2 16 17 2 18 19 2 22 23 2 1
3 7 8 10 2 11 13 2 12 14 2 30 31 2 33 39 41 2 1
3 6 11 2 1
5 12 2 13 16 2 18 19 2 27 29 31 34 2 1
4 8 13 2 14 16 20 22 2 23 24 25 26 28 2 1
4 7 8 12 16 2 20 21 22 23 24 25 2 1
5 8 11 2 1
6 9 2 22 25 2 26 27 2 1
3 6 2 9 11 12 2 27 29 30 33 2 1
3 5 6 12 18 19 21 2 1
4 5 6 12 15 2 1
8 9 10 11 12 2 13 14 2 1
8 9 10 14 15 2 1
4 6 9 14 2 1
4 20 21 22 23 2 27 28 32 2 1
5 6 7 2 1
3 4 2 5 6 2 1
6 18 19 20 2 26 27 2 1
4 5 6 10 2 12 13 14 15 2 1
3 4 8 10 12 13 2 17 18 2 19 20 2 1
7 8 11 2 16 17 2 21 23 2 26 27 2 1
4 6 9 10 2 13 15 16 2 18 21 22 2 1
4 6 7 11 2 15 16 2 1
7 8 12 15 2 18 21 2 1
3 6 8 9 10 11 12 14 2 15 16 17 18 19 20 2 1
3 10 2 12 13 15 2 1
4 10 12 13 17 18 19 20 2 1
6 9 11 2 12 14 15 2 18 19 22 28 2 1
6 14 2 1
4 6 2 7 8 10 2 16 19 2 1
5 10 11 2 12 13 2 16 17 2 1
3 6 9 10 2 1
4 14 15 2 17 18 2 1
10 11 2 16 17 2 1
6 7 8 10 2 11 12 2 14 15 16 17 2 1
5 6 7 2 1
4 5 2 19 20 23 25 26 29 31 2 34 38 2 1
5 9 10 11 12 2 15 16 17 18 19 26 29 2 1
4 5 11 2 1
3 4 5 8 9 10 13 17 18 24 36 2 1
8 14 2 18 19 2 29 30 2 1
5 7 12 16 2 1
4 6 2 7 8 13 2 14 16 2 15 17 2 1
7 11 2 13 15 2 18 19 21 24 2 1
11 12 13 15 2 21 25 2 27 29 2 1
7 8 10 12 22 2 24 25 2 33 40 2 1
6 7 8 2 14 15 16 17 18 2 25 26 27 2 1
3 6 7 2 1
5 6 8 2 1
6 12 13 2 16 17 26 2 1
3 8 10 13 2 14 19 2 1
5 6 2 1
7 8 9 10 11 2 1
4 5 10 12 13 14 15 16 2 1
9 10 12 14 15 16 17 18 19 20 28 2 1
5 12 14 2 1
4 5 8 11 2 1
8 20 2 1
11 12 24 28 30 2 32 33 2 1
8 9 10 11 2 1
7 9 10 13 2 1
6 8 10 12 15 2 1
5 6 7 8 9 11 14 15 21 22 2 1
7 23 24 25 2 34 35 2 1
6 8 12 15 16 2 1
4 16 17 2 1
7 10 2 15 16 17 2 18 21 2 24 25 2 1
5 11 13 15 18 20 2 1
6 7 10 2 1
3 5 8 2 1
8 12 19 23 26 2 1
5 6 7 2 12 13 2 16 17 18 2 1
5 7 9 2 1
3 4 6 7 2 1
3 5 11 12 2 1
3 8 9 10 12 2 1
4 5 12 21 2 22 23 2 1
8 10 11 12 13 15 16 17 18 19 20 22 2 1
6 20 21 22 23 2 1
6 7 8 10 2 1
6 19 20 22 2 24 25 2 30 31 32 33 2 39 2 1
5 6 11 14 2 1
6 7 8 16 2 1
6 8 9 10 2 11 12 15 18 19 20 2 21 22 2 1
3 9 2 1
3 5 12 2 1
3 6 2 1
3 7 8 15 23 26 27 2 33 36 2 1
5 6 8 2 14 17 18 19 2 1
3 8 2 1
6 12 13 16 2 1
6 10 12 14 2 16 17 20 21 22 2 28 29 2 1
4 11 26 33 2 1
5 10 12 13 2 1
9 11 13 2 1
9 10 15 17 2 26 28 2 1
3 10 2 11 20 21 23 2 1
8 12 2 14 15 16 2 1
3 4 8 11 2 1
6 9 14 18 24 28 2 1
7 8 16 20 2 1
6 11 12 26 31 2 1
3 7 8 15 16 17 2 1
5 7 9 11 17 20 21 2 30 31 2 1
10 11 14 17 2 19 22 2 1
5 8 12 13 2 14 15 2 20 25 31 32 33 2 40 41 2 1
4 5 13 2 1
6 7 8 9 13 17 18 19 20 2 1
11 17 26 27 29 32 2 1
5 6 7 9 10 17 2 19 20 2 1
4 10 11 12 2 1
4 9 12 19 2 1
5 7 8 2 9 19 22 23 2 26 34 35 2 1
4 5 6 8 14 2 20 21 2 26 28 29 2 1
7 10 14 2 1
6 14 31 2 1
5 9 2 11 22 24 2 1
8 9 10 13 17 18 19 24 2 1
3 14 15 2 1
4 9 10 14 16 18 2 1
3 13 14 2 1
5 9 2 12 17 2 1
7 8 10 12 2 13 17 2 1
5 6 7 9 2 1
7 15 2 14 16 17 2 1
5 6 7 2 8 9 12 13 2 17 18 20 2 21 22 2 1
6 16 2 1
5 9 13 2 15 17 2 19 20 2 22 25 2 24 26 2 28 29 30 2 1
4 5 13 2 15 17 18 20 2 1
6 10 15 2 1
6 8 10 13 14 17 18 19 2 23 24 25 2 31 32 33 2 1
3 7 8 13 2 9 11 12 2 1
6 7 2 1
3 4 6 16 2 24 25 29 30 2 1
4 5 17 21 24 2 1
15 21 24 2 1
5 9 12 13 2 15 16 2 21 22 2 1
4 5 6 7 8 2 1
4 6 8 10 12 2 22 23 2 1
9 10 11 12 17 18 21 22 2 1
3 5 6 7 8 9 2 11 12 2 15 16 17 18 19 2 23 24 29 30 32 2 1
6 7 2 12 24 25 32 2 1
4 6 7 2 9 13 15 22 2 1
6 27 28 2 29 30 31 2 38 2 1
6 7 9 15 2 19 21 23 24 2 27 28 2 1
6 7 9 2 1
6 9 2 12 13 2 1
3 8 10 20 21 35 2 23 27 2 30 32 2 1
3 4 5 8 9 2 1
5 8 9 2 1
5 8 2 1
3 9 11 14 2 13 15 2 1
5 6 8 2 12 13 2 1
3 5 2 1
7 8 9 11 12 15 2 1
8 9 10 2 11 14 15 2 16 18 2 1
6 7 8 12 2 1
7 11 21 2 1
5 6 7 10 2 1
5 11 15 16 18 2 1
3 8 2 10 12 2 17 21 2 1
3 14 15 21 22 24 30 2 1
10 14 16 18 2 1
5 9 10 2 1
5 7 8 9 10 2 11 13 16 17 2 1
4 13 2 15 16 17 19 2 22 28 2 1
5 8 13 14 16 2 24 25 26 2 1
6 7 8 9 2 11 13 14 2 1
7 14 21 2 23 25 26 2 30 31 2 1
4 8 9 12 2 13 15 16 2 17 19 20 22 23 2 27 29 30 2 1
5 8 12 2 1
4 7 12 13 15 16 2 1
5 9 10 2 15 16 2 18 20 21 2 22 24 2 1
5 7 9 13 2 1
3 7 9 12 15 2 1
4 9 17 18 22 2 23 24 25 2 1
5 6 7 2 10 11 13 14 2 1
6 10 13 2 20 21 22 23 24 2 1
4 5 2 6 7 10 2 11 12 19 22 23 24 25 2 1
4 8 2 1
5 6 7 8 9 2 1
4 5 8 2 9 26 2 1
7 13 24 2 29 31 2 1
5 12 2 17 18 2 1
5 9 2 11 13 14 16 2 18 19 20 23 2 1
5 12 14 2 1
11 12 14 17 2 1
3 5 6 7 9 10 2 11 12 2 16 17 18 2 1
3 5 9 10 11 12 13 14 2 1
5 9 10 2 1
3 4 8 2 14 16 17 18 2 1
18 22 2 23 2 1
12 14 36 2 1
3 4 7 2 18 19 2 1
3 6 7 10 12 13 16 2 21 24 25 27 30 2 1
3 6 2 7 8 2 9 10 2 14 15 2 1
7 14 15 2 1
6 12 2 16 17 2 1
6 9 22 24 2 11 12 2 33 34 2 1
6 13 14 15 16 17 18 19 2 24 25 29 30 2 1
3 6 11 2 1
3 6 9 10 2 20 30 33 34 2 1
4 9 10 17 2 1
9 10 11 12 2 13 14 17 2 1
4 5 7 13 15 2 20 23 24 2 1
6 8 13 14 16 17 2 19 20 2 1
6 12 2 18 19 2 1
3 9 10 2 11 12 13 14 2 15 16 19 2 28 2 1
5 6 10 19 2 1
3 7 9 2 14 15 2 1
5 6 2 7 11 12 2 19 20 23 2 1
4 6 8 13 17 2 1
7 16 18 19 2 1
6 11 12 13 18 2 1
9 10 14 2 20 23 28 33 2 1
6 7 15 2 1
3 11 12 15 2 1
11 13 15 2 18 19 2 1
3 4 6 7 12 2 13 14 15 2 1
3 14 15 2 1
8 18 2 19 23 2 1
4 8 21 24 25 2 1
6 7 17 22 27 2 1
5 8 10 11 14 2 16 17 18 2 1
3 7 9 2 1
7 11 13 18 19 2 1
4 13 2 1
5 9 2 13 14 16 21 2 1
8 9 10 20 2 27 28 29 31 2 1
6 17 2 1
5 6 15 16 17 2 1
4 13 17 18 20 2 1
4 5 7 13 15 17 2 18 2 20 2 1
7 13 16 2 1
3 4 7 15 20 2 1
6 13 2 9 13 2 15 16 20 2 1
3 7 2 1
8 9 13 2 1
5 10 2 11 14 2 17 18 19 20 2 1
7 9 10 15 2 25 26 2 1
4 7 2 1
4 13 2 1
9 10 11 14 2 1
4 9 10 15 16 25 27 2 1
3 4 6 7 9 2 10 12 2 11 30 32 34 2 16 17 20 21 2 35 36 37 2 1
9 11 13 2 1
6 8 2 1
4 9 2 1
4 6 11 16 20 2 1
5 7 8 11 12 2 1
5 10 14 15 2 24 26 27 2 1
7 8 10 13 2 14 15 16 2 1
5 7 9 11 2 12 13 15 2 18 23 25 2 1
8 9 10 19 2 1
4 7 8 9 11 2 1
4 5 6 2 7 8 9 2 1
4 5 6 7 2 12 13 14 15 2 1
7 8 18 26 28 2 1
4 12 14 2 1
7 11 12 13 2 1
7 8 14 19 23 2 1
6 7 12 2 1
7 9 11 12 17 2 1
5 7 8 14 2 1
7 9 20 2 24 25 2 1
5 8 2 7 19 2 13 14 2 15 16 2 1
6 7 8 10 2 1
9 10 14 2 1
3 5 7 8 2 16 17 2 21 22 2 1
3 6 2 9 10 11 2 12 13 14 15 2 1
3 9 10 2 1
6 7 9 10 12 13 2 23 24 26 29 2 1
9 11 14 2 17 18 2 23 24 28 29 30 2 1
7 9 13 14 16 18 2 1
11 13 19 2 1
6 7 2 14 15 2 1
3 7 11 12 13 15 16 2 1
6 7 8 18 20 2 21 22 2 24 25 2 1
3 5 12 17 2 18 19 21 22 2 29 30 31 2 36 37 2 1
3 4 6 8 2 1
5 8 9 10 2 11 13 15 2 12 13 20 21 23 2 25 26 2 27 28 30 2 1
5 18 31 2 1
8 10 11 2 13 18 30 2 1
5 6 7 8 13 16 17 2 21 26 27 2 1
11 12 15 2 20 24 25 26 2 28 29 2 1
5 15 17 2 1
4 5 8 2 1
3 5 7 8 14 22 2 1
27 29 30 2 1
6 7 20 2 23 24 2 1
4 10 2 11 15 17 2 1
10 11 12 14 15 16 17 18 19 22 2 23 28 32 33 34 2 1
5 8 2 11 14 2 16 17 2 1
5 6 2 9 10 2 11 17 2 1
8 9 15 25 2 1
5 11 2 12 13 14 2 15 16 2 1
7 8 10 11 2 12 16 17 2 18 20 29 2 37 38 39 41 2 1
5 7 18 2 1
12 14 16 17 33 2 34 35 2 1
4 5 9 2 10 11 12 2 13 14 2 1
4 8 2 1
3 24 2 1
6 11 2 13 16 2 1
6 9 12 15 2 18 19 2 20 21 22 28 2 1
8 9 10 13 14 15 16 24 31 33 35 2 1
3 23 25 2 29 31 34 2 1
6 8 9 10 11 14 15 16 17 2 18 19 2 20 22 23 24 27 28 2 31 32 2 1
11 21 25 2 1
6 23 2 26 27 28 30 31 36 2 1
3 4 7 11 2 12 13 14 15 17 2 18 19 22 2 24 25 2 29 30 31 2 1
6 7 8 9 19 21 2 1
8 9 2 11 14 17 2 1
3 4 6 9 11 2 12 13 14 2 1
5 6 2 7 10 11 2 15 17 2 1
4 6 8 2 15 19 2 1
6 7 8 2 17 18 22 23 24 25 2 26 27 2 28 30 2 1
5 6 7 8 2 13 18 2 1
5 6 8 2 11 14 15 2 1
8 10 11 13 15 17 2 1
4 7 2 8 9 11 2 12 13 15 16 2 1
4 6 2 1
5 6 9 2 11 13 2 1
4 5 6 7 8 9 10 12 2 14 16 2 17 19 2 1
13 14 15 16 20 24 2 34 36 37 38 40 2 1
8 9 10 13 14 2 15 16 18 2 19 20 21 22 2 23 24 25 26 30 2 1
5 14 2 19 21 23 24 2 1
3 11 12 13 2 14 15 16 21 23 24 25 27 29 2 30 31 2 32 33 2 1
13 14 16 2 1
16 17 18 28 29 33 34 2 1
7 8 9 11 2 13 14 2 19 20 2 1
7 8 9 10 11 12 2 1
9 10 12 2 13 14 15 2 1
7 12 15 17 18 23 26 2 29 30 2 1
4 6 8 9 2 12 13 14 15 19 2 1
9 10 2 20 22 2 1
4 8 9 2 10 11 2 12 14 16 19 2 1
6 8 2 11 12 13 2 1
7 12 15 2 1
8 9 11 12 23 29 2 1
8 12 2 14 29 30 2 31 2 1
6 8 2 11 13 2 15 19 20 21 22 2 1
5 7 2 8 9 11 2 10 13 2 14 15 2 16 17 18 23 24 26 2 1
3 9 12 14 17 18 23 2 1
5 6 8 10 18 23 2 28 30 31 33 2 1
5 10 18 21 22 23 24 2 25 26 27 30 2 1
4 16 17 18 19 20 23 25 27 2 1
5 6 9 10 11 2 16 20 2 1
3 5 13 14 17 18 23 2 1
7 17 25 2 21 22 2 1
6 9 10 2 1
8 16 2 1
5 12 14 18 20 21 26 2 1
10 11 12 13 2 1
5 6 7 8 2 9 13 14 2 16 17 2 1
3 11 2 1
8 9 2 11 12 2 1
6 14 15 16 23 2 1
3 5 6 14 15 16 2 16 17 18 2 1
3 11 2 1
3 5 6 8 9 10 12 2 1
3 7 8 9 14 16 2 1
3 9 30 31 2 1
8 13 20 22 2 1
5 6 13 14 15 2 1
5 9 2 1
6 9 10 11 20 2 1
4 6 7 8 9 11 2 14 15 16 2 1
4 5 6 8 2 1
5 10 11 13 14 18 2 21 22 23 24 2 1
7 9 10 11 14 2 16 17 18 20 2 1
6 10 2 1
7 8 16 24 25 2 26 27 29 30 2 30 34 35 36 2 1
5 6 9 10 2 1
3 12 2 1
5 11 2 15 16 22 26 2 1
9 13 2 14 15 16 2 1
3 12 2 17 18 2 1
4 5 6 7 2 1
8 11 13 17 22 23 2 33 34 2 1
6 8 2 15 20 2 22 23 24 2 28 30 2 1
3 8 2 11 12 2 1
6 31 2 1
3 11 12 2 15 16 2 20 22 25 2 1
7 9 2 8 13 2 17 18 2 1
4 5 14 2 1
6 7 9 17 23 24 25 2 33 2 1
3 4 11 2 14 15 19 20 2 21 22 23 2 1
5 8 9 16 17 2 1
5 17 18 2 1
8 9 12 2 13 14 15 16 17 19 2 1
5 6 9 10 13 14 16 17 2 1
6 9 12 15 2 18 20 2 1
3 5 11 16 2 1
5 10 2 11 12 13 14 15 16 19 20 22 23 2 1
3 9 12 13 14 21 22 24 2 30 33 34 37 2 1
3 17 2 1
4 9 11 16 2 17 20 2 1
4 6 8 11 22 24 25 2 31 32 2 1
7 9 11 2 1
5 11 2 12 13 14 2 17 20 23 26 27 28 2 1
7 8 2 9 10 11 12 2 17 18 20 2 1
7 8 22 2 1
6 9 2 1
4 7 8 10 2 1
5 8 2 9 23 2 1
5 10 2 18 19 2 1
5 7 13 17 2 1
7 8 11 12 2 1
8 9 13 2 18 20 2 1
4 6 8 2 9 10 2 1
6 7 9 11 14 2 1
5 8 9 2 1
6 12 13 19 24 27 30 2 31 33 36 2 1
3 6 7 8 11 2 1
7 11 12 15 16 2 1
7 8 12 13 2 1
4 9 12 13 2 1
4 13 2 1
8 9 10 11 14 15 18 19 2 1
5 6 12 13 2 16 17 21 2 1
5 8 10 15 2 16 17 2 1
5 9 10 2 1
3 4 5 2 7 8 2 11 13 2 18 19 2 1
5 10 2 1
3 9 10 11 12 16 19 26 27 2 20 21 2 1
4 11 13 16 2 17 19 22 2 1
5 6 8 9 2 10 12 13 2 16 17 2 1
5 6 13 24 2 1
3 4 5 2 6 10 11 13 19 2 1
4 8 2 9 11 12 13 2 1
7 9 10 13 14 2 16 17 18 19 2 1
6 9 10 11 2 13 14 19 2 1
4 5 9 10 16 22 23 24 25 2 1
7 10 12 2 1
14 15 16 18 19 26 2 1
3 5 9 10 2 11 14 16 2 18 19 20 24 2 1
6 11 12 2 1
4 5 6 14 18 2 1
3 11 12 2 1
5 6 13 2 1
5 9 10 14 16 2 26 27 28 2 1
5 7 8 12 13 2 1
5 6 9 2 6 10 11 13 2 1
3 4 11 12 13 14 15 17 2 1
7 2 34 36 38 40 2 1
5 9 11 13 15 16 20 2 1
7 9 11 13 14 16 17 2 19 20 2 21 22 23 2 1
6 8 2 1
3 14 15 16 18 2 1
5 13 15 2 20 21 24 2 29 30 2 1
4 7 8 2 9 12 2 1
5 22 26 2 1
5 10 15 2 1
3 4 5 6 2 7 8 2 1
10 11 12 13 15 18 2 18 20 21 22 2 1
14 16 17 2 21 26 2 28 29 30 2 1
5 13 14 17 25 2 1
5 9 10 11 12 2 1
4 5 6 7 2 11 12 2 15 17 2 1
5 6 7 11 2 1
4 5 7 8 9 10 11 12 2 1
4 5 6 10 11 2 7 8 16 17 2 1
5 16 2 20 22 2 25 26 27 28 2 32 33 34 2 1
3 6 9 10 12 15 2 1
3 6 9 10 18 19 2 24 34 35 2 1
6 8 2 9 10 14 2 1
6 11 12 2 1
3 5 2 7 8 9 2 8 11 2 13 14 2 15 16 2 18 19 2 1
7 8 20 24 2 26 29 2 1
5 6 7 10 2 12 17 2 14 19 2 1
7 24 2 25 26 27 28 29 2 1
4 5 6 7 9 2 11 12 2 13 14 15 2 1
5 6 7 8 11 12 14 15 16 2 1
5 6 11 14 25 2 1
4 5 6 9 2 11 13 24 2 27 28 29 30 32 2 1
4 5 6 7 8 9 2 12 13 14 2 16 17 19 20 21 24 25 2 1
5 10 17 20 21 2 1
7 9 15 16 17 2 20 22 2 1
5 2 19 2 1
9 11 12 13 16 17 2 18 19 23 2 1
6 13 2 14 16 2 1
4 6 7 15 17 2 22 23 2 32 35 2 1
3 6 9 2 11 13 19 22 25 2 26 31 2 1
6 7 13 2 1
8 9 12 13 14 2 18 22 23 2 1
4 13 16 2 17 18 2 1
4 5 6 10 11 2 20 21 23 24 27 2 30 31 32 34 35 2 1
